GPX6_level01_chainA,GPX6_level02_chainA,GPX6_level03_chainA,GPX6_level04_chainA,GPX6_level05_chainA,GPX6_level06_chainA,GPX6_level07_chainA,GPX6_level08_chainA,GPX6_level09_chainA,GPX6_level10_chainA,GPX6_level11_chainA,GPX6_level12_chainA,GPX6_level13_chainA,GPX6_level14_chainA,GPX6_level15_chainA,GPX6_level16_chainA,GPX6_level17_chainA,GPX6_level18_chainA,GPX6_level19_chainA,GPX6_level01_chainA_2,GPX6_level02_chainA_2,GPX6_level03_chainA_2,GPX6_level04_chainA_2,GPX6_level05_chainA_2,GPX6_level06_chainA_2,GPX6_level07_chainA_2,GPX6_level08_chainA_2,GPX6_level09_chainA_2,GPX6_level10_chainA_2,GPX6_level11_chainA_2,GPX6_level12_chainA_2,GPX6_level13_chainA_2,GPX6_level14_chainA_2,GPX6_level15_chainA_2,GPX6_level16_chainA_2,GPX6_level17_chainA_2,GPX6_level18_chainA_2,GPX6_level19_chainA_2,GPX6_level20_chainA,Homo_sapiens,Mus_musculus,Callithrix_jacchus,Saimiri_boliviensis,Cavia_porcellus,Sus_scrofa,Equus_caballus,Tarsius_syrichta,Pan_troglodytes,Oryctolagus_cuniculus,Mesocricetus_auratus,Macaca_mulatta,Jaculus_jaculus,Ictidomys_tridecemlineatus,Felis_catus,Cricetulus_griseus,Bos_taurus,Rattus_norvegicus,Loxodonta_africana,Odobenus_rosmarus,Otolemur_garnettii,Dipodomys_ordii,node_23,node_24,node_25,node_26,node_27,node_28,node_29,node_30,node_31,node_32,node_33,node_34,node_35,node_36,node_37,node_38,node_39,node_40,node_41,node_42,node_43
1.000000,0.995395,0.990193,0.984993,0.980095,0.974019,0.968542,0.963062,0.957883,0.952990,0.946955,0.941473,0.935457,0.930023,0.925729,0.920256,0.920256,0.915102,0.909684,0.784335,0.784335,0.788692,0.786975,0.791627,0.786086,0.791505,0.792003,0.792003,0.793083,0.787009,0.791846,0.787240,0.792373,0.786883,0.792250,0.797328,0.803242,0.808687,0.803835,0.994435,0.777908,0.875504,0.868194,0.843981,0.884412,0.881790,0.899126,0.981821,0.790464,0.789376,0.955825,0.852458,0.889769,0.845519,0.784864,0.886061,0.789025,0.861738,0.859005,0.840008,0.856020,0.907264,0.911307,0.928537,0.944495,0.943348,0.966060,0.971596,0.989177,0.890634,0.928537,0.923342,0.918050,0.911991,0.824451,0.792600,0.806250,0.923342,0.911307,0.911307,0.900253,0.902650
0.995395,1.000000,0.994796,0.989596,0.984697,0.978618,0.973140,0.967659,0.962478,0.957585,0.951548,0.946066,0.940047,0.934612,0.930318,0.924844,0.924844,0.919690,0.914270,0.788988,0.788988,0.793344,0.791627,0.786975,0.781434,0.786851,0.787374,0.787374,0.788478,0.782404,0.787240,0.782635,0.787766,0.782277,0.787642,0.792718,0.798629,0.804074,0.799222,0.989781,0.782532,0.880147,0.868495,0.844280,0.884710,0.882089,0.899427,0.982124,0.790759,0.794011,0.956128,0.852757,0.890069,0.850157,0.789497,0.886360,0.793656,0.862036,0.859304,0.840309,0.856323,0.907564,0.911607,0.928837,0.944796,0.943648,0.966362,0.971899,0.989480,0.890934,0.928837,0.923641,0.918350,0.912290,0.829081,0.797225,0.810884,0.923641,0.911607,0.911607,0.900552,0.902950
0.990193,0.994796,1.000000,0.994798,0.989898,0.983814,0.978333,0.972851,0.967669,0.962776,0.956734,0.951252,0.945229,0.939790,0.935497,0.930023,0.930023,0.924867,0.919444,0.793641,0.793641,0.797997,0.796278,0.791627,0.786086,0.791505,0.792593,0.792593,0.793671,0.787597,0.792434,0.787829,0.792962,0.787472,0.792840,0.797920,0.803835,0.809281,0.804428,0.984523,0.787743,0.879847,0.868194,0.844578,0.884412,0.882388,0.894192,0.976878,0.791055,0.799239,0.950887,0.853056,0.890368,0.850754,0.794722,0.881157,0.798878,0.856841,0.854110,0.840611,0.856626,0.902351,0.906394,0.923618,0.939566,0.938424,0.961121,0.966653,0.984225,0.890634,0.923618,0.923342,0.918650,0.912590,0.834302,0.802438,0.816113,0.923342,0.906394,0.906394,0.895344,0.897739
0.984993,0.989596,0.994798,1.000000,0.995099,0.989011,0.983526,0.978042,0.972859,0.967966,0.961920,0.956438,0.950411,0.944969,0.940675,0.935202,0.935202,0.930044,0.924619,0.798886,0.798886,0.803243,0.801523,0.796871,0.791330,0.796752,0.797813,0.797813,0.798863,0.792789,0.797628,0.793023,0.798157,0.792668,0.798039,0.803121,0.809040,0.814488,0.809633,0.979269,0.792954,0.874643,0.862971,0.839390,0.879216,0.877187,0.888960,0.971635,0.791055,0.804468,0.945648,0.847862,0.885163,0.845565,0.799948,0.875956,0.804101,0.851648,0.848919,0.835366,0.851370,0.897140,0.901183,0.918401,0.934339,0.933202,0.955883,0.961410,0.978972,0.885426,0.918401,0.918127,0.913434,0.907380,0.839523,0.807650,0.821341,0.918127,0.901183,0.901183,0.890139,0.892531
0.980095,0.984697,0.989898,0.995099,1.000000,0.993908,0.988422,0.982937,0.977752,0.972859,0.966809,0.961327,0.955296,0.949853,0.945559,0.940085,0.940085,0.934927,0.929499,0.803836,0.803836,0.808192,0.806471,0.801819,0.796278,0.801702,0.802737,0.802737,0.803762,0.797688,0.792789,0.788184,0.793317,0.787829,0.793196,0.798274,0.804189,0.809633,0.804781,0.974321,0.797871,0.869741,0.858051,0.834503,0.874320,0.872288,0.884031,0.966697,0.786193,0.809399,0.940715,0.842969,0.880259,0.840677,0.804877,0.871056,0.799232,0.846757,0.844028,0.830425,0.846419,0.892232,0.896275,0.913487,0.929415,0.928283,0.950949,0.956472,0.974025,0.880521,0.913487,0.913215,0.908519,0.902471,0.844449,0.812569,0.826273,0.913215,0.896275,0.896275,0.885235,0.887625
0.974019,0.978618,0.983814,0.989011,0.993908,1.000000,0.994509,0.989021,0.983834,0.978941,0.972885,0.967402,0.961365,0.955916,0.951622,0.946149,0.946149,0.940988,0.935556,0.809971,0.809971,0.814327,0.812603,0.807951,0.802411,0.807840,0.808843,0.808843,0.809836,0.803762,0.798863,0.794258,0.799393,0.793905,0.799277,0.804360,0.798274,0.803712,0.798865,0.968184,0.803963,0.863731,0.852026,0.840630,0.868321,0.878417,0.877983,0.960584,0.792298,0.808324,0.934619,0.849098,0.874242,0.846801,0.803805,0.865048,0.805340,0.840770,0.842683,0.824384,0.840356,0.886202,0.890243,0.907437,0.923342,0.922220,0.944849,0.950362,0.967892,0.874501,0.907437,0.907168,0.902471,0.908602,0.850557,0.818663,0.825186,0.907168,0.890243,0.890243,0.879216,0.881599
0.968542,0.973140,0.978333,0.983526,0.988422,0.994509,1.000000,0.994511,0.989322,0.984429,0.978367,0.972885,0.966842,0.961390,0.957096,0.951622,0.951622,0.946460,0.941024,0.815513,0.815513,0.819869,0.818144,0.813492,0.807951,0.813383,0.814358,0.814358,0.815322,0.809248,0.804350,0.799745,0.804881,0.799393,0.804768,0.809855,0.803769,0.809209,0.804360,0.962652,0.809468,0.858285,0.846564,0.835196,0.862883,0.872958,0.872505,0.955068,0.786908,0.802917,0.929115,0.847991,0.868791,0.841364,0.798404,0.859604,0.799937,0.835341,0.837255,0.818904,0.834859,0.880742,0.884783,0.901966,0.917854,0.916740,0.939343,0.944849,0.962362,0.869048,0.901966,0.901699,0.897000,0.903127,0.845131,0.824169,0.819769,0.901699,0.884783,0.884783,0.873765,0.876144
0.963062,0.967659,0.972851,0.978042,0.982937,0.989021,0.994511,1.000000,0.994810,0.989917,0.983849,0.978367,0.972319,0.966863,0.962570,0.957096,0.957096,0.951932,0.946492,0.821055,0.821055,0.825411,0.823684,0.819032,0.813492,0.818927,0.819873,0.819873,0.820809,0.814735,0.809836,0.805231,0.810369,0.804881,0.810260,0.815350,0.809265,0.803769,0.798924,0.957115,0.814972,0.852800,0.841059,0.829719,0.857408,0.867468,0.866991,0.949544,0.781460,0.797458,0.923594,0.842507,0.863305,0.835886,0.792949,0.854123,0.805450,0.829868,0.831783,0.813376,0.829320,0.875252,0.879292,0.896469,0.912346,0.911238,0.933823,0.939324,0.956827,0.863560,0.896469,0.896204,0.891503,0.897627,0.839665,0.829675,0.814304,0.896204,0.879292,0.879292,0.868279,0.870655
0.957883,0.962478,0.967669,0.972859,0.977752,0.983834,0.989322,0.994810,1.000000,0.995107,0.989035,0.983553,0.977500,0.972042,0.967748,0.962275,0.962275,0.957109,0.951667,0.826301,0.826301,0.830657,0.828928,0.824276,0.818736,0.824174,0.825093,0.825093,0.826001,0.819927,0.815029,0.810424,0.805231,0.799745,0.805119,0.810205,0.804122,0.798629,0.793785,0.951881,0.820183,0.858031,0.846314,0.834947,0.862630,0.872698,0.861779,0.944322,0.786676,0.802680,0.918376,0.847737,0.868535,0.841113,0.798167,0.859350,0.810668,0.835092,0.837009,0.808151,0.834607,0.880482,0.884522,0.901699,0.907139,0.906037,0.928605,0.934101,0.951595,0.868791,0.901699,0.901432,0.896734,0.902858,0.844882,0.834888,0.819525,0.901432,0.884522,0.884522,0.873508,0.875884
0.952990,0.957585,0.962776,0.967966,0.972859,0.978941,0.984429,0.989917,0.995107,1.000000,0.993922,0.988438,0.982380,0.976917,0.972623,0.967148,0.967148,0.961980,0.956533,0.831202,0.831202,0.835559,0.833827,0.829175,0.823633,0.829075,0.829968,0.829968,0.830851,0.824775,0.819875,0.815269,0.810075,0.804587,0.809965,0.815055,0.808969,0.803474,0.798629,0.946936,0.825050,0.853097,0.841357,0.830016,0.857703,0.867765,0.856823,0.939382,0.781755,0.807548,0.913434,0.842805,0.863602,0.836183,0.803033,0.854420,0.815539,0.830165,0.832080,0.803170,0.839546,0.875549,0.879590,0.896766,0.902203,0.901104,0.923665,0.929159,0.946651,0.863858,0.896766,0.896501,0.891800,0.897925,0.849759,0.839759,0.824400,0.896501,0.879590,0.879590,0.868576,0.870953
0.946955,0.951548,0.956734,0.961920,0.966809,0.972885,0.978367,0.983849,0.989035,0.993922,1.000000,0.994516,0.988451,0.982983,0.978689,0.973214,0.973214,0.968043,0.962592,0.831202,0.831202,0.835559,0.833827,0.829175,0.823633,0.829075,0.824015,0.824015,0.824928,0.818859,0.813962,0.809359,0.804170,0.798687,0.804056,0.809137,0.803058,0.797569,0.792728,0.940842,0.831144,0.847116,0.835362,0.828980,0.851733,0.861765,0.850815,0.933311,0.787853,0.808196,0.907380,0.836823,0.857615,0.830214,0.803680,0.848442,0.821645,0.824207,0.826125,0.809347,0.833503,0.869548,0.873588,0.890746,0.896171,0.895083,0.917608,0.923092,0.940560,0.857867,0.890746,0.890484,0.885782,0.891899,0.855863,0.845856,0.825042,0.890484,0.873588,0.873588,0.862587,0.864956
0.941473,0.946066,0.951252,0.956438,0.961327,0.967402,0.972885,0.978367,0.983553,0.988438,0.994516,1.000000,0.993929,0.988459,0.984164,0.978689,0.978689,0.973517,0.968062,0.825658,0.825658,0.830015,0.828285,0.823633,0.818090,0.823529,0.818503,0.818503,0.819445,0.813376,0.808479,0.803876,0.798687,0.793204,0.798569,0.803647,0.797569,0.792079,0.787240,0.935300,0.836651,0.841592,0.829815,0.823460,0.846220,0.856243,0.845268,0.927778,0.782343,0.813713,0.901843,0.831301,0.852093,0.824695,0.809193,0.842923,0.827160,0.818692,0.820609,0.803769,0.827919,0.864026,0.868066,0.885224,0.890644,0.889561,0.912075,0.917555,0.935020,0.852343,0.885224,0.884964,0.880258,0.886376,0.861376,0.851364,0.830559,0.884964,0.868066,0.868066,0.857067,0.859436
0.935457,0.940047,0.945229,0.950411,0.955296,0.961365,0.966842,0.972319,0.977500,0.982380,0.988451,0.993929,1.000000,0.994525,0.990230,0.984755,0.984755,0.979580,0.974121,0.806061,0.806061,0.810390,0.808691,0.804070,0.798570,0.803950,0.799091,0.799091,0.813541,0.807478,0.802585,0.797984,0.792799,0.787321,0.792678,0.797747,0.791676,0.786191,0.781358,0.935359,0.842745,0.846666,0.834923,0.828541,0.851283,0.861294,0.850363,0.927848,0.788442,0.818798,0.906870,0.831445,0.852231,0.829771,0.814278,0.847990,0.827305,0.823772,0.825695,0.808913,0.833052,0.869077,0.873116,0.890257,0.895675,0.894591,0.917091,0.922569,0.935080,0.857408,0.885331,0.885071,0.880369,0.886479,0.861497,0.851492,0.835627,0.885071,0.873116,0.873116,0.862126,0.864488
0.930023,0.934612,0.939790,0.944969,0.949853,0.955916,0.961390,0.966863,0.972042,0.976917,0.982983,0.988459,0.994525,1.000000,0.995706,0.990230,0.990230,0.985054,0.979591,0.811562,0.811562,0.815891,0.814191,0.809569,0.804070,0.809453,0.804561,0.804561,0.819018,0.812956,0.808063,0.803462,0.798277,0.792799,0.787321,0.792385,0.786318,0.780837,0.776007,0.929866,0.848251,0.841247,0.829487,0.834056,0.856791,0.866811,0.855905,0.922371,0.793952,0.824309,0.901401,0.836962,0.857748,0.835285,0.819786,0.853503,0.832814,0.829282,0.831207,0.814486,0.838630,0.874593,0.878632,0.895774,0.901197,0.900108,0.911620,0.917091,0.929589,0.851982,0.890848,0.890586,0.885887,0.891998,0.867005,0.856995,0.841139,0.890586,0.878632,0.878632,0.867641,0.870003
0.925729,0.930318,0.935497,0.940675,0.945559,0.951622,0.957096,0.962570,0.967748,0.972623,0.978689,0.984164,0.990230,0.995706,1.000000,0.994525,0.994525,0.989348,0.983884,0.815891,0.815891,0.811562,0.809862,0.805241,0.799741,0.805123,0.800255,0.800255,0.814710,0.808648,0.803755,0.799154,0.793969,0.788491,0.783013,0.788076,0.782008,0.776527,0.771698,0.925526,0.852582,0.836913,0.825132,0.829722,0.852460,0.862477,0.851549,0.918034,0.789620,0.819977,0.897063,0.832628,0.853413,0.830951,0.815455,0.849169,0.828482,0.824949,0.826874,0.810106,0.834248,0.870259,0.874298,0.891439,0.896861,0.895774,0.907284,0.912753,0.925250,0.847648,0.886514,0.886253,0.881552,0.887663,0.862674,0.852665,0.836806,0.886253,0.874298,0.874298,0.863307,0.865669
0.920256,0.924844,0.930023,0.935202,0.940085,0.946149,0.951622,0.957096,0.962275,0.967148,0.973214,0.978689,0.984755,0.990230,0.994525,1.000000,1.000000,0.994820,0.989351,0.821339,0.821339,0.817009,0.815305,0.810683,0.805182,0.810569,0.805666,0.805666,0.820136,0.814071,0.809177,0.804576,0.799389,0.793909,0.788430,0.793497,0.787427,0.781945,0.777113,0.919993,0.858048,0.836323,0.824540,0.830559,0.857924,0.871403,0.846007,0.912511,0.795072,0.825438,0.891536,0.838099,0.853960,0.830903,0.820912,0.849715,0.833947,0.829526,0.832335,0.810649,0.834799,0.875738,0.879777,0.896924,0.902353,0.890257,0.901760,0.907226,0.919719,0.847057,0.891998,0.891735,0.887037,0.893149,0.868144,0.858128,0.842273,0.891735,0.879777,0.879777,0.868781,0.871146
0.920256,0.924844,0.930023,0.935202,0.940085,0.946149,0.951622,0.957096,0.962275,0.967148,0.973214,0.978689,0.984755,0.990230,0.994525,1.000000,1.000000,0.994847,0.989406,0.841888,0.841888,0.837553,0.835827,0.831198,0.825683,0.831101,0.826051,0.826051,0.821064,0.815031,0.810162,0.805584,0.800424,0.794973,0.789522,0.794563,0.788525,0.783070,0.778264,0.914390,0.858785,0.837172,0.825454,0.831439,0.858660,0.872071,0.846810,0.912965,0.796136,0.826345,0.892100,0.838941,0.854718,0.831782,0.821842,0.850495,0.834810,0.830411,0.833205,0.811645,0.835667,0.876383,0.880401,0.897459,0.902861,0.890826,0.902270,0.907708,0.920137,0.847850,0.892558,0.892297,0.887624,0.893705,0.868829,0.858864,0.843092,0.892297,0.880401,0.880401,0.869462,0.871815
0.915102,0.919690,0.924867,0.930044,0.934927,0.940988,0.946460,0.951932,0.957109,0.961980,0.968043,0.973517,0.979580,0.985054,0.989348,0.994820,0.994847,1.000000,0.994556,0.847109,0.847109,0.842774,0.841047,0.836418,0.830903,0.836324,0.831242,0.831242,0.826224,0.820191,0.815322,0.810744,0.805584,0.800133,0.794682,0.799726,0.793688,0.788233,0.783425,0.909214,0.863972,0.836928,0.825214,0.826295,0.853517,0.866915,0.841640,0.907794,0.791005,0.831536,0.886932,0.844137,0.854468,0.826638,0.827030,0.845348,0.840000,0.825272,0.828065,0.806450,0.835417,0.871227,0.875244,0.892297,0.897692,0.885667,0.897102,0.902535,0.914957,0.847604,0.887397,0.887137,0.892821,0.898902,0.874017,0.864048,0.848284,0.887137,0.875244,0.875244,0.864310,0.866660
0.909684,0.914270,0.919444,0.924619,0.929499,0.935556,0.941024,0.946492,0.951667,0.956533,0.962592,0.968062,0.974121,0.979591,0.983884,0.989351,0.989406,0.994556,1.000000,0.852626,0.852626,0.848291,0.846562,0.841933,0.836418,0.830903,0.825858,0.825858,0.820876,0.814847,0.809981,0.805405,0.800248,0.794800,0.789352,0.794391,0.788357,0.782905,0.778101,0.903775,0.869451,0.842413,0.830722,0.831782,0.858996,0.872403,0.847152,0.902360,0.796486,0.837021,0.881507,0.849627,0.859956,0.832123,0.832511,0.850833,0.845483,0.830753,0.833548,0.811994,0.840966,0.876715,0.880732,0.897785,0.903185,0.891154,0.902595,0.897102,0.909510,0.853088,0.892885,0.892623,0.898312,0.904393,0.879498,0.869524,0.853768,0.892623,0.880732,0.880732,0.869796,0.872147
0.784335,0.788988,0.793641,0.798886,0.803836,0.809971,0.815513,0.821055,0.826301,0.831202,0.831202,0.825658,0.806061,0.811562,0.815891,0.821339,0.841888,0.847109,0.852626,1.000000,1.000000,0.995659,0.989233,0.984595,0.979063,0.973530,0.973530,0.973530,0.973530,0.967401,0.962465,0.957827,0.952592,0.947060,0.941527,0.936293,0.930164,0.924631,0.919719,0.777206,0.994437,0.768830,0.758372,0.776390,0.804132,0.802633,0.766549,0.775859,0.765094,0.888034,0.783856,0.820268,0.799846,0.783182,0.877620,0.781165,0.939854,0.770736,0.783978,0.766942,0.827469,0.807287,0.811348,0.816893,0.816791,0.804725,0.800795,0.795248,0.782915,0.768598,0.821795,0.821795,0.838005,0.844154,0.931933,0.979263,0.900052,0.821795,0.811348,0.811348,0.800313,0.802687
0.784335,0.788988,0.793641,0.798886,0.803836,0.809971,0.815513,0.821055,0.826301,0.831202,0.831202,0.825658,0.806061,0.811562,0.815891,0.821339,0.841888,0.847109,0.852626,1.000000,1.000000,0.995659,0.989233,0.984595,0.979063,0.973530,0.973530,0.973530,0.973530,0.967401,0.962465,0.957827,0.952592,0.947060,0.941527,0.936293,0.930164,0.924631,0.919719,0.777206,0.994437,0.768830,0.758372,0.776390,0.804132,0.802633,0.766549,0.775859,0.764900,0.888034,0.783856,0.820268,0.799846,0.783182,0.877620,0.781165,0.939854,0.770736,0.783978,0.766942,0.827469,0.807287,0.811348,0.816893,0.816791,0.804725,0.800795,0.795248,0.782915,0.768598,0.821795,0.821795,0.838005,0.844154,0.931933,0.979263,0.900052,0.821795,0.811348,0.811348,0.800313,0.802687
0.788692,0.793344,0.797997,0.803243,0.808192,0.814327,0.819869,0.825411,0.830657,0.835559,0.835559,0.830015,0.810390,0.815891,0.811562,0.817009,0.837553,0.842774,0.848291,0.995659,0.995659,1.000000,0.993573,0.988935,0.983402,0.977870,0.977870,0.977870,0.977870,0.971741,0.966805,0.962167,0.956932,0.951400,0.945867,0.940633,0.934504,0.928971,0.924058,0.781561,0.990073,0.773187,0.762750,0.780747,0.808488,0.806990,0.770928,0.780212,0.769256,0.892396,0.788214,0.824628,0.804205,0.787539,0.881980,0.785521,0.944217,0.775092,0.788335,0.771347,0.831875,0.811645,0.815705,0.821251,0.821150,0.809081,0.805153,0.799606,0.787271,0.772955,0.826153,0.826153,0.842365,0.848514,0.936294,0.983625,0.904414,0.826153,0.815705,0.815705,0.804670,0.807043
0.786975,0.791627,0.796278,0.801523,0.806471,0.812603,0.818144,0.823684,0.828928,0.833827,0.833827,0.828285,0.808691,0.814191,0.809862,0.815305,0.835827,0.841047,0.846562,0.989233,0.989233,0.993573,1.000000,0.995362,0.989829,0.984297,0.984297,0.984297,0.984297,0.978168,0.973232,0.968594,0.963359,0.957827,0.952294,0.947060,0.940931,0.935398,0.930483,0.779852,0.983620,0.771472,0.761038,0.774437,0.806767,0.805263,0.769210,0.778508,0.762960,0.886008,0.786492,0.818280,0.797880,0.785818,0.875606,0.783804,0.937790,0.762894,0.786617,0.769609,0.825459,0.809917,0.813977,0.819521,0.819417,0.807359,0.803426,0.797880,0.785557,0.771242,0.819817,0.819817,0.836012,0.842156,0.929881,0.977185,0.898017,0.819817,0.813977,0.813977,0.802946,0.805318
0.791627,0.786975,0.791627,0.796871,0.801819,0.807951,0.813492,0.819032,0.824276,0.829175,0.829175,0.823633,0.804070,0.809569,0.805241,0.810683,0.831198,0.836418,0.841933,0.984595,0.984595,0.988935,0.995362,1.000000,0.994467,0.988935,0.988935,0.988935,0.988935,0.982806,0.977870,0.973232,0.967997,0.962465,0.956932,0.951698,0.945569,0.940036,0.935120,0.784502,0.978958,0.766820,0.760741,0.774140,0.806471,0.804966,0.768913,0.778214,0.762665,0.881348,0.786195,0.817982,0.797583,0.781165,0.870949,0.783507,0.933129,0.762598,0.786320,0.769309,0.825158,0.809620,0.813680,0.819224,0.819119,0.807063,0.803129,0.797583,0.785261,0.770946,0.819521,0.819521,0.835714,0.841859,0.925222,0.972526,0.893357,0.819521,0.813680,0.813680,0.802650,0.805021
0.786086,0.781434,0.786086,0.791330,0.796278,0.802411,0.807951,0.813492,0.818736,0.823633,0.823633,0.818090,0.798570,0.804070,0.799741,0.805182,0.825683,0.830903,0.836418,0.979063,0.979063,0.983402,0.989829,0.994467,1.000000,0.994464,0.994464,0.994464,0.994464,0.988330,0.983392,0.978752,0.973514,0.967978,0.962442,0.957205,0.951071,0.945535,0.940615,0.778967,0.973398,0.767577,0.755175,0.768598,0.800930,0.799422,0.763345,0.772682,0.768071,0.875791,0.780649,0.812433,0.792038,0.775623,0.865398,0.777967,0.927571,0.757059,0.780778,0.763704,0.819550,0.804076,0.808136,0.813680,0.813572,0.801523,0.797583,0.792038,0.779723,0.765406,0.813977,0.813977,0.830165,0.836310,0.919668,0.966972,0.887800,0.813977,0.808136,0.808136,0.797108,0.799479
0.791505,0.786851,0.791505,0.796752,0.801702,0.807840,0.813383,0.818927,0.824174,0.829075,0.829075,0.823529,0.803950,0.809453,0.805123,0.810569,0.831101,0.836324,0.830903,0.973530,0.973530,0.977870,0.984297,0.988935,0.994464,1.000000,1.000000,1.000000,1.000000,0.993861,0.988921,0.984279,0.979039,0.973499,0.967959,0.962719,0.956580,0.951041,0.946116,0.784374,0.967839,0.762031,0.749609,0.763056,0.795390,0.793879,0.757777,0.778081,0.762531,0.870235,0.786070,0.806884,0.786492,0.770081,0.859847,0.772427,0.922013,0.751521,0.775236,0.758100,0.813942,0.798532,0.802592,0.808136,0.808025,0.795982,0.792038,0.797465,0.785134,0.759865,0.808433,0.808433,0.824616,0.830760,0.914113,0.961417,0.882244,0.808433,0.802592,0.802592,0.791566,0.793937
0.792003,0.787374,0.792593,0.797813,0.802737,0.808843,0.814358,0.819873,0.825093,0.829968,0.824015,0.818503,0.799091,0.804561,0.800255,0.805666,0.826051,0.831242,0.825858,0.973530,0.973530,0.977870,0.984297,0.988935,0.994464,1.000000,1.000000,1.000000,1.000000,0.993893,0.988978,0.984361,0.979148,0.973637,0.968126,0.962913,0.956807,0.951296,0.946397,0.784909,0.961916,0.762456,0.750110,0.758486,0.795634,0.794660,0.758456,0.778649,0.758554,0.864874,0.786595,0.807598,0.787312,0.771051,0.854552,0.773026,0.916368,0.758102,0.775819,0.753412,0.814626,0.798994,0.803033,0.808548,0.808436,0.796457,0.792533,0.797932,0.785666,0.760304,0.808843,0.808603,0.825237,0.831349,0.908526,0.955542,0.876812,0.808603,0.803033,0.803033,0.792064,0.794424
0.792003,0.787374,0.792593,0.797813,0.802737,0.808843,0.814358,0.819873,0.825093,0.829968,0.824015,0.818503,0.799091,0.804561,0.800255,0.805666,0.826051,0.831242,0.825858,0.973530,0.973530,0.977870,0.984297,0.988935,0.994464,1.000000,1.000000,1.000000,1.000000,0.993934,0.989049,0.984460,0.979280,0.973804,0.968329,0.963149,0.957083,0.951608,0.946739,0.779052,0.954904,0.756723,0.744454,0.752778,0.789709,0.788722,0.752734,0.772840,0.753140,0.858486,0.780706,0.801563,0.781422,0.765845,0.848531,0.767232,0.909643,0.752405,0.770011,0.747673,0.808488,0.793031,0.797047,0.802527,0.802410,0.790522,0.786611,0.791969,0.779797,0.754599,0.802819,0.802585,0.819099,0.825171,0.901863,0.948583,0.870344,0.802585,0.797047,0.797047,0.786152,0.788491
0.793083,0.788478,0.793671,0.798863,0.803762,0.809836,0.815322,0.820809,0.826001,0.830851,0.824928,0.819445,0.813541,0.819018,0.814710,0.820136,0.821064,0.826224,0.820876,0.973530,0.973530,0.977870,0.984297,0.988935,0.994464,1.000000,1.000000,1.000000,1.000000,0.993965,0.989106,0.984540,0.979387,0.973939,0.968492,0.963339,0.957304,0.951857,0.947013,0.780191,0.949140,0.753110,0.740888,0.749186,0.785927,0.784944,0.749125,0.774010,0.748599,0.854341,0.776966,0.802589,0.782550,0.762188,0.844441,0.763566,0.910110,0.748818,0.766329,0.744073,0.804565,0.789230,0.793225,0.798677,0.798559,0.786736,0.782842,0.788171,0.780932,0.750999,0.803837,0.803603,0.820033,0.826074,0.902369,0.948848,0.866139,0.803603,0.793225,0.793225,0.782387,0.784715
0.787009,0.782404,0.787597,0.792789,0.797688,0.803762,0.809248,0.814735,0.819927,0.824775,0.818859,0.813376,0.807478,0.812956,0.808648,0.814071,0.815031,0.820191,0.814847,0.967401,0.967401,0.971741,0.978168,0.982806,0.988330,0.993861,0.993893,0.993934,0.993965,1.000000,0.995137,0.990569,0.985411,0.979959,0.974506,0.969349,0.963307,0.957854,0.953005,0.774164,0.943099,0.747077,0.734835,0.747731,0.790502,0.789522,0.747665,0.767987,0.748385,0.848296,0.775506,0.796549,0.776514,0.760734,0.838403,0.768142,0.904065,0.753392,0.764874,0.742605,0.798462,0.793808,0.797803,0.797220,0.797100,0.785282,0.781384,0.786711,0.774900,0.744971,0.797803,0.797572,0.813993,0.820033,0.896329,0.942807,0.860094,0.797572,0.797803,0.797803,0.786963,0.783260
0.791846,0.787240,0.792434,0.797628,0.792789,0.798863,0.804350,0.809836,0.815029,0.819875,0.813962,0.808479,0.802585,0.808063,0.803755,0.809177,0.810162,0.815322,0.809981,0.962465,0.962465,0.966805,0.973232,0.977870,0.983392,0.988921,0.988978,0.989049,0.989106,0.995137,1.000000,0.995431,0.990272,0.984818,0.979363,0.974204,0.968160,0.962706,0.957854,0.778962,0.938227,0.751873,0.739644,0.752528,0.795306,0.794331,0.752482,0.772781,0.753181,0.843422,0.780312,0.801365,0.781319,0.765535,0.833531,0.772942,0.908912,0.758187,0.769673,0.747451,0.803328,0.798618,0.802613,0.802030,0.801911,0.790085,0.786190,0.791520,0.779702,0.749763,0.802613,0.802380,0.818811,0.824854,0.891457,0.937935,0.855220,0.802380,0.802613,0.802613,0.791769,0.788065
0.787240,0.782635,0.787829,0.793023,0.788184,0.794258,0.799745,0.805231,0.810424,0.815269,0.809359,0.803876,0.797984,0.803462,0.799154,0.804576,0.805584,0.810744,0.805405,0.957827,0.957827,0.962167,0.968594,0.973232,0.978752,0.984279,0.984361,0.984460,0.984540,0.990569,0.995431,1.000000,0.994841,0.989387,0.983933,0.978773,0.972729,0.967275,0.962423,0.774386,0.933647,0.747295,0.735046,0.747950,0.790730,0.789753,0.747882,0.768207,0.748604,0.838840,0.775731,0.796784,0.776740,0.770112,0.828952,0.768366,0.904329,0.753612,0.765095,0.742826,0.798699,0.794040,0.798035,0.797452,0.797331,0.785508,0.781611,0.786940,0.775124,0.745187,0.798035,0.797803,0.814230,0.820273,0.886877,0.933355,0.850638,0.797803,0.798035,0.798035,0.787192,0.783488
0.792373,0.787766,0.792962,0.798157,0.793317,0.799393,0.804881,0.810369,0.805231,0.810075,0.804170,0.798687,0.792799,0.798277,0.793969,0.799389,0.800424,0.805584,0.800248,0.952592,0.952592,0.956932,0.963359,0.967997,0.973514,0.979039,0.979148,0.979280,0.979387,0.985411,0.990272,0.994841,1.000000,0.994544,0.989088,0.983928,0.977881,0.972425,0.967570,0.779477,0.928483,0.742134,0.729865,0.742790,0.785573,0.784591,0.752992,0.773292,0.743446,0.833673,0.780831,0.791618,0.771577,0.764953,0.823789,0.763207,0.899161,0.748456,0.759935,0.747968,0.793479,0.788878,0.792873,0.792290,0.802437,0.790604,0.786711,0.792043,0.780218,0.740030,0.792873,0.792643,0.809064,0.815107,0.881712,0.928191,0.845471,0.792643,0.792873,0.792873,0.782032,0.778328
0.786883,0.782277,0.787472,0.792668,0.787829,0.793905,0.799393,0.804881,0.799745,0.804587,0.798687,0.793204,0.787321,0.792799,0.788491,0.793909,0.794973,0.800133,0.794800,0.947060,0.947060,0.951400,0.957827,0.962465,0.967978,0.973499,0.973637,0.973804,0.973939,0.979959,0.984818,0.989387,0.994544,1.000000,0.994544,0.989384,0.983337,0.977881,0.973024,0.784927,0.923026,0.742425,0.730156,0.737339,0.780125,0.779138,0.758470,0.778739,0.742573,0.828213,0.786291,0.786160,0.766123,0.759504,0.818335,0.757758,0.893699,0.743010,0.754484,0.742460,0.787964,0.783425,0.787420,0.786837,0.796979,0.796055,0.792167,0.797503,0.785671,0.740321,0.787420,0.787192,0.803606,0.809649,0.876256,0.922734,0.840011,0.787192,0.787420,0.787420,0.776580,0.772877
0.792250,0.787642,0.792840,0.798039,0.793196,0.799277,0.804768,0.810260,0.805119,0.809965,0.804056,0.798569,0.792678,0.787321,0.783013,0.788430,0.789522,0.794682,0.789352,0.941527,0.941527,0.945867,0.952294,0.956932,0.962442,0.967959,0.968126,0.968329,0.968492,0.974506,0.979363,0.983933,0.989088,0.994544,1.000000,0.994836,0.988785,0.983326,0.978465,0.790249,0.917570,0.747733,0.735469,0.731888,0.774677,0.773685,0.752992,0.784054,0.737123,0.822753,0.791626,0.780702,0.760668,0.754054,0.812880,0.752308,0.888238,0.737564,0.749033,0.736952,0.782449,0.777972,0.781967,0.781384,0.791520,0.790604,0.797503,0.802846,0.790999,0.745620,0.781967,0.781740,0.798148,0.804191,0.870800,0.917278,0.834551,0.781740,0.781967,0.781967,0.771129,0.767425
0.797328,0.792718,0.797920,0.803121,0.798274,0.804360,0.809855,0.815350,0.810205,0.815055,0.809137,0.803647,0.797747,0.792385,0.788076,0.793497,0.794563,0.799726,0.794391,0.936293,0.936293,0.940633,0.947060,0.951698,0.957205,0.962719,0.962913,0.963149,0.963339,0.969349,0.974204,0.978773,0.983928,0.989384,0.994836,1.000000,0.993944,0.988481,0.983617,0.795287,0.912406,0.742569,0.730285,0.726728,0.769520,0.768524,0.747807,0.789083,0.731965,0.817586,0.786456,0.775536,0.755505,0.759076,0.807717,0.747149,0.883069,0.732408,0.743873,0.731738,0.777230,0.772811,0.776806,0.776223,0.786355,0.785444,0.792336,0.797676,0.796040,0.740460,0.776806,0.776580,0.792982,0.799025,0.865635,0.912114,0.829384,0.776580,0.776806,0.776806,0.765969,0.762265
0.803242,0.798629,0.803835,0.809040,0.804189,0.798274,0.803769,0.809265,0.804122,0.808969,0.803058,0.797569,0.791676,0.786318,0.782008,0.787427,0.788525,0.793688,0.788357,0.930164,0.930164,0.934504,0.940931,0.945569,0.951071,0.956580,0.956807,0.957083,0.957304,0.963307,0.968160,0.972729,0.977881,0.983337,0.988785,0.993944,1.000000,0.994532,0.989661,0.801147,0.906365,0.748394,0.736108,0.720694,0.775348,0.762488,0.753650,0.794932,0.725933,0.818649,0.792320,0.769493,0.761333,0.753040,0.808772,0.752969,0.877022,0.738213,0.745104,0.737613,0.783148,0.778655,0.782651,0.782066,0.792212,0.791291,0.798203,0.803551,0.801906,0.746273,0.782651,0.782423,0.798849,0.792982,0.859595,0.906073,0.830455,0.782423,0.782651,0.782651,0.771802,0.768098
0.808687,0.804074,0.809281,0.814488,0.809633,0.803712,0.809209,0.803769,0.798629,0.803474,0.797569,0.792079,0.786191,0.780837,0.776527,0.781945,0.783070,0.788233,0.782905,0.924631,0.924631,0.928971,0.935398,0.940036,0.945535,0.951041,0.951296,0.951608,0.951857,0.957854,0.962706,0.967275,0.972425,0.977881,0.983326,0.988481,0.994532,1.000000,0.995126,0.806549,0.900909,0.753785,0.741511,0.726066,0.780736,0.767874,0.759061,0.800329,0.731305,0.824060,0.797728,0.774887,0.766725,0.758423,0.814175,0.758354,0.871560,0.743591,0.750487,0.743054,0.788607,0.784051,0.788047,0.787462,0.797615,0.796686,0.803609,0.808963,0.807313,0.751657,0.788047,0.787817,0.804255,0.798381,0.865010,0.900617,0.835870,0.787817,0.788047,0.788047,0.777193,0.773489
0.803835,0.799222,0.804428,0.809633,0.804781,0.798865,0.804360,0.798924,0.793785,0.798629,0.792728,0.787240,0.781358,0.776007,0.771698,0.777113,0.778264,0.783425,0.778101,0.919719,0.919719,0.924058,0.930483,0.935120,0.940615,0.946116,0.946397,0.946739,0.947013,0.953005,0.957854,0.962423,0.967570,0.973024,0.978465,0.983617,0.989661,0.995126,1.000000,0.801732,0.896069,0.748980,0.736694,0.721277,0.775931,0.763071,0.754237,0.795517,0.726515,0.819235,0.792908,0.770078,0.761919,0.753623,0.809357,0.753552,0.866724,0.738795,0.745689,0.738203,0.783740,0.779240,0.783236,0.782651,0.792799,0.791875,0.798790,0.804139,0.802493,0.746857,0.783236,0.783007,0.799435,0.793567,0.860179,0.895777,0.831042,0.783007,0.783236,0.783236,0.772386,0.768683
0.994435,0.989781,0.984523,0.979269,0.974321,0.968184,0.962652,0.957115,0.951881,0.946936,0.940842,0.935300,0.935359,0.929866,0.925526,0.919993,0.914390,0.909214,0.903775,0.777206,0.777206,0.781561,0.779852,0.784502,0.778967,0.784374,0.784909,0.779052,0.780191,0.774164,0.778962,0.774386,0.779477,0.784927,0.790249,0.795287,0.801147,0.806549,0.801732,1.000000,0.727114,0.856584,0.845814,0.800488,0.837500,0.834578,0.868395,0.969943,0.764159,0.752547,0.941748,0.826957,0.845621,0.783061,0.739809,0.839756,0.743413,0.800038,0.818096,0.810435,0.818986,0.863320,0.866815,0.897280,0.910976,0.919577,0.950553,0.961110,0.981063,0.869643,0.893275,0.888822,0.883003,0.877830,0.788086,0.748750,0.767182,0.888822,0.866815,0.866992,0.856568,0.854595
0.777908,0.782532,0.787743,0.792954,0.797871,0.803963,0.809468,0.814972,0.820183,0.825050,0.831144,0.836651,0.842745,0.848251,0.852582,0.858048,0.858785,0.863972,0.869451,0.994437,0.994437,0.990073,0.983620,0.978958,0.973398,0.967839,0.961916,0.954904,0.949140,0.943099,0.938227,0.933647,0.928483,0.923026,0.917570,0.912406,0.906365,0.900909,0.896069,0.727114,1.000000,0.714542,0.705511,0.735427,0.749003,0.753261,0.717286,0.721625,0.728233,0.870239,0.728278,0.782028,0.739480,0.738783,0.855887,0.744271,0.924295,0.717939,0.757413,0.729748,0.783371,0.762867,0.766358,0.773193,0.773085,0.762810,0.747890,0.743456,0.732338,0.714362,0.781379,0.781181,0.800025,0.805279,0.913869,0.972681,0.880581,0.781181,0.766358,0.766244,0.755930,0.763311
0.875504,0.880147,0.879847,0.874643,0.869741,0.863731,0.858285,0.852800,0.858031,0.853097,0.847116,0.841592,0.846666,0.841247,0.836913,0.836323,0.837172,0.836928,0.842413,0.768830,0.768830,0.773187,0.771472,0.766820,0.767577,0.762031,0.762456,0.756723,0.753110,0.747077,0.751873,0.747295,0.742134,0.742425,0.747733,0.742569,0.748394,0.753785,0.748980,0.856584,0.714542,1.000000,0.952820,0.787238,0.808350,0.815529,0.828286,0.859569,0.763090,0.737735,0.880064,0.816930,0.836034,0.775088,0.724728,0.820500,0.722145,0.774651,0.793625,0.796174,0.814802,0.840084,0.843580,0.869533,0.870192,0.870045,0.900883,0.890260,0.870526,0.982072,0.856998,0.861517,0.849749,0.844586,0.763896,0.731953,0.747457,0.861517,0.843580,0.843745,0.828813,0.827354
0.868194,0.868495,0.868194,0.862971,0.858051,0.852026,0.846564,0.841059,0.846314,0.841357,0.835362,0.829815,0.834923,0.829487,0.825132,0.824540,0.825454,0.825214,0.830722,0.758372,0.758372,0.762750,0.761038,0.760741,0.755175,0.749609,0.750110,0.744454,0.740888,0.734835,0.739644,0.735046,0.729865,0.730156,0.735469,0.730285,0.736108,0.741511,0.736694,0.845814,0.705511,0.952820,1.000000,0.788853,0.804396,0.816075,0.822192,0.853566,0.747560,0.743889,0.870340,0.802235,0.825696,0.770495,0.725096,0.816585,0.713273,0.770563,0.787850,0.790171,0.799088,0.830274,0.833784,0.863569,0.864222,0.864080,0.894981,0.884328,0.864545,0.970796,0.850988,0.855523,0.842686,0.837517,0.760220,0.718973,0.747915,0.855523,0.833784,0.833945,0.824932,0.817500
0.843981,0.844280,0.844578,0.839390,0.834503,0.840630,0.835196,0.829719,0.834947,0.830016,0.828980,0.823460,0.828541,0.834056,0.829722,0.830559,0.831439,0.826295,0.831782,0.776390,0.776390,0.780747,0.774437,0.774140,0.768598,0.763056,0.758486,0.752778,0.749186,0.747731,0.752528,0.747950,0.742790,0.737339,0.731888,0.726728,0.720694,0.726066,0.721277,0.800488,0.735427,0.787238,0.788853,1.000000,0.814596,0.861712,0.806807,0.804063,0.801387,0.764946,0.820863,0.839259,0.818099,0.801384,0.738981,0.832212,0.760415,0.818847,0.836419,0.784532,0.800713,0.846195,0.849825,0.851641,0.848198,0.837121,0.832700,0.821710,0.815351,0.801806,0.856295,0.856333,0.846684,0.852172,0.772614,0.744447,0.763597,0.856333,0.849825,0.849254,0.835400,0.859926
0.884412,0.884710,0.884412,0.879216,0.874320,0.868321,0.862883,0.857408,0.862630,0.857703,0.851733,0.846220,0.851283,0.856791,0.852460,0.857924,0.858660,0.853517,0.858996,0.804132,0.804132,0.808488,0.806767,0.806471,0.800930,0.795390,0.795634,0.789709,0.785927,0.790502,0.795306,0.790730,0.785573,0.780125,0.774677,0.769520,0.775348,0.780736,0.775931,0.837500,0.749003,0.808350,0.804396,0.814596,1.000000,0.913629,0.840511,0.850164,0.784623,0.781776,0.854793,0.827984,0.847900,0.823764,0.762863,0.920887,0.761782,0.883298,0.874194,0.833218,0.831851,0.926707,0.930202,0.909914,0.901372,0.890950,0.871287,0.866914,0.851552,0.822321,0.901146,0.905657,0.883136,0.877969,0.791994,0.766582,0.790744,0.905657,0.930202,0.935932,0.956499,0.903486
0.881790,0.882089,0.882388,0.877187,0.872288,0.878417,0.872958,0.867468,0.872698,0.867765,0.861765,0.856243,0.861294,0.866811,0.862477,0.871403,0.872071,0.866915,0.872403,0.802633,0.802633,0.806990,0.805263,0.804966,0.799422,0.793879,0.794660,0.788722,0.784944,0.789522,0.794331,0.789753,0.784591,0.779138,0.773685,0.768524,0.762488,0.767874,0.763071,0.834578,0.753261,0.815529,0.816075,0.861712,0.913629,1.000000,0.863977,0.842281,0.808599,0.765999,0.860617,0.855952,0.853999,0.844154,0.746633,0.923314,0.756349,0.892479,0.900183,0.825145,0.848499,0.958002,0.961499,0.931612,0.923063,0.908324,0.883348,0.872774,0.853159,0.829528,0.922828,0.922594,0.901280,0.906565,0.797105,0.761306,0.774537,0.922594,0.961499,0.967281,0.948671,0.934681
0.899126,0.899427,0.894192,0.888960,0.884031,0.877983,0.872505,0.866991,0.861779,0.856823,0.850815,0.845268,0.850363,0.855905,0.851549,0.846007,0.846810,0.841640,0.847152,0.766549,0.766549,0.770928,0.769210,0.768913,0.763345,0.757777,0.758456,0.752734,0.749125,0.747665,0.752482,0.747882,0.752992,0.758470,0.752992,0.747807,0.753650,0.759061,0.754237,0.868395,0.717286,0.828286,0.822192,0.806807,0.840511,0.863977,1.000000,0.871611,0.786317,0.749123,0.893744,0.816170,0.856933,0.792802,0.735829,0.857744,0.739492,0.813936,0.833494,0.846896,0.845852,0.881437,0.884947,0.915545,0.929312,0.944203,0.912883,0.902273,0.882550,0.846099,0.902969,0.898493,0.885381,0.880182,0.780282,0.734735,0.763811,0.898493,0.884947,0.885133,0.870056,0.872165
0.981821,0.982124,0.976878,0.971635,0.966697,0.960584,0.955068,0.949544,0.944322,0.939382,0.933311,0.927778,0.927848,0.922371,0.918034,0.912511,0.912965,0.907794,0.902360,0.775859,0.775859,0.780212,0.778508,0.778214,0.772682,0.778081,0.778649,0.772840,0.774010,0.767987,0.772781,0.768207,0.773292,0.778739,0.784054,0.789083,0.794932,0.800329,0.795517,0.969943,0.721625,0.859569,0.853566,0.804063,0.850164,0.842281,0.871611,1.000000,0.767338,0.747035,0.949505,0.826149,0.858303,0.786242,0.734305,0.843206,0.737893,0.811936,0.816865,0.823217,0.818167,0.871033,0.874528,0.905008,0.918711,0.927310,0.958312,0.968877,0.988839,0.877372,0.901002,0.896545,0.882205,0.877032,0.782584,0.743259,0.761674,0.896545,0.874528,0.874707,0.859767,0.862305
0.790464,0.790759,0.791055,0.791055,0.786193,0.792298,0.786908,0.781460,0.786676,0.781755,0.787853,0.782343,0.788442,0.793952,0.789620,0.795072,0.796136,0.791005,0.796486,0.765094,0.764900,0.769256,0.762960,0.762665,0.768071,0.762531,0.758554,0.753140,0.748599,0.748385,0.753181,0.748604,0.743446,0.742573,0.737123,0.731965,0.725933,0.731305,0.726515,0.764159,0.728233,0.763090,0.747560,0.801387,0.784623,0.808599,0.786317,0.767338,1.000000,0.739392,0.780287,0.781159,0.791775,0.750566,0.737037,0.771953,0.744380,0.758440,0.772569,0.768327,0.798680,0.813456,0.816950,0.831898,0.828062,0.817456,0.792488,0.793340,0.778124,0.767408,0.840111,0.840153,0.819388,0.824656,0.780609,0.741219,0.749345,0.840153,0.816950,0.816854,0.803383,0.804748
0.789376,0.794011,0.799239,0.804468,0.809399,0.808324,0.802917,0.797458,0.802680,0.807548,0.808196,0.813713,0.818798,0.824309,0.819977,0.825438,0.826345,0.831536,0.837021,0.888034,0.888034,0.892396,0.886008,0.881348,0.875791,0.870235,0.864874,0.858486,0.854341,0.848296,0.843422,0.838840,0.833673,0.828213,0.822753,0.817586,0.818649,0.824060,0.819235,0.752547,0.870239,0.737735,0.743889,0.764946,0.781776,0.765999,0.749123,0.747035,0.739392,1.000000,0.750253,0.790621,0.771992,0.757148,0.946901,0.772370,0.862054,0.741181,0.787077,0.746414,0.824544,0.782677,0.779183,0.805017,0.805130,0.794776,0.779813,0.769261,0.757811,0.747013,0.812977,0.812769,0.835925,0.834987,0.938400,0.883956,0.979576,0.812769,0.779183,0.779073,0.784033,0.780394
0.955825,0.956128,0.950887,0.945648,0.940715,0.934619,0.929115,0.923594,0.918376,0.913434,0.907380,0.901843,0.906870,0.901401,0.897063,0.891536,0.892100,0.886932,0.881507,0.783856,0.783856,0.788214,0.786492,0.786195,0.780649,0.786070,0.786595,0.780706,0.776966,0.775506,0.780312,0.775731,0.780831,0.786291,0.791626,0.786456,0.792320,0.797728,0.792908,0.941748,0.728278,0.880064,0.870340,0.820863,0.854793,0.860617,0.893744,0.949505,0.780287,0.750253,1.000000,0.835978,0.851191,0.787886,0.737500,0.861555,0.744475,0.822028,0.833530,0.830147,0.827292,0.889418,0.892914,0.916470,0.930208,0.938803,0.969915,0.980521,0.960591,0.894138,0.903930,0.899464,0.881865,0.876677,0.781327,0.745692,0.764908,0.899464,0.892914,0.893103,0.878127,0.881695
0.852458,0.852757,0.853056,0.847862,0.842969,0.849098,0.847991,0.842507,0.847737,0.842805,0.836823,0.831301,0.831445,0.836962,0.832628,0.838099,0.838941,0.844137,0.849627,0.820268,0.820268,0.824628,0.818280,0.817982,0.812433,0.806884,0.807598,0.801563,0.802589,0.796549,0.801365,0.796784,0.791618,0.786160,0.780702,0.775536,0.769493,0.774887,0.770078,0.826957,0.782028,0.816930,0.802235,0.839259,0.827984,0.855952,0.816170,0.826149,0.781159,0.790621,0.835978,1.000000,0.862581,0.813662,0.772338,0.849397,0.803099,0.804548,0.858773,0.802458,0.851550,0.865561,0.869056,0.882265,0.882208,0.867498,0.849247,0.838666,0.837042,0.822934,0.894772,0.894543,0.921574,0.926866,0.827401,0.803721,0.800301,0.894543,0.869056,0.868987,0.849008,0.871314
