# GPX6_level01_chainA,GPX6_level02_chainA,GPX6_level03_chainA,GPX6_level04_chainA,GPX6_level05_chainA,GPX6_level06_chainA,GPX6_level07_chainA,GPX6_level08_chainA,GPX6_level09_chainA,GPX6_level10_chainA,GPX6_level11_chainA,GPX6_level12_chainA,GPX6_level13_chainA,GPX6_level14_chainA,GPX6_level15_chainA,GPX6_level16_chainA,GPX6_level17_chainA,GPX6_level18_chainA,GPX6_level19_chainA,GPX6_level01_chainA_2,GPX6_level02_chainA_2,GPX6_level03_chainA_2,GPX6_level04_chainA_2,GPX6_level05_chainA_2,GPX6_level06_chainA_2,GPX6_level07_chainA_2,GPX6_level08_chainA_2,GPX6_level09_chainA_2,GPX6_level10_chainA_2,GPX6_level11_chainA_2,GPX6_level12_chainA_2,GPX6_level13_chainA_2,GPX6_level14_chainA_2,GPX6_level15_chainA_2,GPX6_level16_chainA_2,GPX6_level17_chainA_2,GPX6_level18_chainA_2,GPX6_level19_chainA_2,GPX6_level20_chainA,Homo_sapiens,Mus_musculus,Callithrix_jacchus,Saimiri_boliviensis,Cavia_porcellus,Sus_scrofa,Equus_caballus,Tarsius_syrichta,Pan_troglodytes,Oryctolagus_cuniculus,Mesocricetus_auratus,Macaca_mulatta,Jaculus_jaculus,Ictidomys_tridecemlineatus,Felis_catus,Cricetulus_griseus,Bos_taurus,Rattus_norvegicus,Loxodonta_africana,Odobenus_rosmarus,Otolemur_garnettii,Dipodomys_ordii,node_23,node_24,node_25,node_26,node_27,node_28,node_29,node_30,node_31,node_32,node_33,node_34,node_35,node_36,node_37,node_38,node_39,node_40,node_41,node_42,node_43
1.0000,0.9932,0.9879,0.9826,0.9789,0.9737,0.9700,0.9647,0.9595,0.9558,0.9505,0.9468,0.9416,0.9363,0.9326,0.9274,0.8300,0.8284,0.8232,0.6229,0.6266,0.6303,0.6287,0.6340,0.6287,0.6340,0.8016,0.2416,0.2374,0.2374,0.2389,0.2353,0.2405,0.2421,0.2368,0.2368,0.2421,0.2421,0.2421,0.1337,0.1174,0.1284,0.1316,0.1220,0.1268,0.1263,0.1328,0.1268,0.1205,0.1274,0.1247,0.1232,0.1258,0.1289,0.1363,0.1263,0.1180,0.1216,0.1326,0.1296,0.1253,0.1232,0.1232,0.1200,0.1216,0.1200,0.1232,0.1247,0.1268,0.1300,0.1200,0.1200,0.1253,0.1253,0.1221,0.1189,0.1274,0.1200,0.1232,0.1232,0.1247,0.1232
0.9932,1.0000,0.9932,0.9879,0.9842,0.9789,0.9753,0.9700,0.9647,0.9611,0.9558,0.9521,0.9468,0.9416,0.9379,0.9326,0.8353,0.8337,0.8284,0.6282,0.6319,0.6356,0.6340,0.6287,0.6234,0.6287,0.7963,0.2363,0.2321,0.2321,0.2337,0.2300,0.2353,0.2368,0.2316,0.2316,0.2368,0.2368,0.2368,0.1321,0.1189,0.1268,0.1300,0.1203,0.1253,0.1247,0.1312,0.1253,0.1205,0.1274,0.1232,0.1216,0.1242,0.1274,0.1363,0.1247,0.1196,0.1200,0.1310,0.1280,0.1237,0.1216,0.1216,0.1184,0.1200,0.1184,0.1216,0.1232,0.1253,0.1284,0.1184,0.1184,0.1237,0.1237,0.1237,0.1205,0.1274,0.1184,0.1216,0.1216,0.1232,0.1216
0.9879,0.9932,1.0000,0.9932,0.9895,0.9842,0.9805,0.9753,0.9700,0.9663,0.9611,0.9574,0.9521,0.9468,0.9432,0.9379,0.8405,0.8389,0.8337,0.6335,0.6372,0.6410,0.6394,0.6340,0.6287,0.6340,0.8016,0.2363,0.2321,0.2321,0.2337,0.2300,0.2353,0.2368,0.2316,0.2316,0.2316,0.2316,0.2316,0.1321,0.1189,0.1268,0.1300,0.1203,0.1253,0.1247,0.1312,0.1253,0.1205,0.1274,0.1232,0.1216,0.1242,0.1274,0.1363,0.1247,0.1196,0.1200,0.1310,0.1280,0.1237,0.1216,0.1216,0.1184,0.1200,0.1184,0.1216,0.1232,0.1253,0.1284,0.1184,0.1184,0.1237,0.1237,0.1237,0.1205,0.1274,0.1184,0.1216,0.1216,0.1232,0.1216
0.9826,0.9879,0.9932,1.0000,0.9947,0.9895,0.9858,0.9805,0.9753,0.9716,0.9663,0.9626,0.9574,0.9521,0.9484,0.9432,0.8458,0.8442,0.8389,0.6388,0.6426,0.6463,0.6447,0.6394,0.6340,0.6394,0.8069,0.2379,0.2337,0.2337,0.2353,0.2316,0.2368,0.2384,0.2332,0.2332,0.2332,0.2332,0.2332,0.1305,0.1189,0.1253,0.1284,0.1187,0.1253,0.1247,0.1312,0.1237,0.1205,0.1274,0.1216,0.1216,0.1242,0.1274,0.1363,0.1247,0.1196,0.1200,0.1310,0.1280,0.1237,0.1216,0.1216,0.1184,0.1200,0.1184,0.1200,0.1216,0.1237,0.1268,0.1184,0.1184,0.1237,0.1237,0.1237,0.1205,0.1274,0.1184,0.1216,0.1216,0.1232,0.1216
0.9789,0.9842,0.9895,0.9947,1.0000,0.9932,0.9895,0.9842,0.9789,0.9753,0.9700,0.9663,0.9611,0.9558,0.9521,0.9468,0.8495,0.8479,0.8426,0.6426,0.6463,0.6500,0.6484,0.6431,0.6378,0.6431,0.8106,0.2379,0.2337,0.2337,0.2353,0.2316,0.2368,0.2384,0.2332,0.2332,0.2332,0.2332,0.2332,0.1268,0.1153,0.1216,0.1247,0.1148,0.1216,0.1211,0.1275,0.1200,0.1168,0.1237,0.1179,0.1179,0.1205,0.1237,0.1326,0.1211,0.1159,0.1163,0.1273,0.1243,0.1200,0.1179,0.1179,0.1147,0.1163,0.1147,0.1163,0.1179,0.1200,0.1232,0.1147,0.1147,0.1200,0.1200,0.1200,0.1168,0.1237,0.1147,0.1179,0.1179,0.1195,0.1179
0.9737,0.9789,0.9842,0.9895,0.9932,1.0000,0.9947,0.9895,0.9842,0.9805,0.9753,0.9716,0.9663,0.9611,0.9574,0.9521,0.8547,0.8532,0.8479,0.6479,0.6516,0.6553,0.6537,0.6484,0.6431,0.6484,0.8159,0.2326,0.2284,0.2284,0.2300,0.2263,0.2316,0.2332,0.2279,0.2279,0.2279,0.2279,0.2279,0.1253,0.1137,0.1200,0.1232,0.1132,0.1200,0.1195,0.1259,0.1184,0.1153,0.1221,0.1163,0.1163,0.1189,0.1221,0.1311,0.1195,0.1143,0.1147,0.1257,0.1228,0.1184,0.1163,0.1163,0.1132,0.1147,0.1132,0.1147,0.1163,0.1184,0.1216,0.1132,0.1132,0.1184,0.1184,0.1184,0.1153,0.1221,0.1132,0.1163,0.1163,0.1179,0.1163
0.9700,0.9753,0.9805,0.9858,0.9895,0.9947,1.0000,0.9932,0.9879,0.9842,0.9789,0.9753,0.9700,0.9647,0.9611,0.9558,0.8584,0.8568,0.8516,0.6516,0.6553,0.6590,0.6574,0.6521,0.6468,0.6521,0.8196,0.2289,0.2247,0.2247,0.2263,0.2226,0.2279,0.2295,0.2242,0.2242,0.2242,0.2242,0.2242,0.1253,0.1137,0.1200,0.1232,0.1132,0.1200,0.1195,0.1259,0.1184,0.1153,0.1221,0.1163,0.1163,0.1189,0.1221,0.1311,0.1195,0.1143,0.1147,0.1257,0.1228,0.1184,0.1163,0.1163,0.1132,0.1147,0.1132,0.1147,0.1163,0.1184,0.1216,0.1132,0.1132,0.1184,0.1184,0.1184,0.1153,0.1221,0.1132,0.1163,0.1163,0.1179,0.1163
0.9647,0.9700,0.9753,0.9805,0.9842,0.9895,0.9932,1.0000,0.9932,0.9895,0.9842,0.9805,0.9753,0.9700,0.9663,0.9611,0.8584,0.8568,0.8516,0.6516,0.6553,0.6590,0.6574,0.6521,0.6468,0.6521,0.8249,0.2289,0.2247,0.2247,0.2263,0.2226,0.2279,0.2295,0.2242,0.2242,0.2242,0.2242,0.2242,0.1268,0.1153,0.1216,0.1247,0.1148,0.1216,0.1211,0.1275,0.1200,0.1168,0.1237,0.1179,0.1179,0.1205,0.1237,0.1326,0.1211,0.1159,0.1163,0.1273,0.1243,0.1200,0.1179,0.1179,0.1147,0.1163,0.1147,0.1163,0.1179,0.1200,0.1232,0.1147,0.1147,0.1200,0.1200,0.1200,0.1168,0.1237,0.1147,0.1179,0.1179,0.1195,0.1179
0.9595,0.9647,0.9700,0.9753,0.9789,0.9842,0.9879,0.9932,1.0000,0.9947,0.9895,0.9858,0.9805,0.9753,0.9716,0.9663,0.8637,0.8621,0.8568,0.6569,0.6606,0.6644,0.6628,0.6574,0.6521,0.6574,0.8302,0.2274,0.2232,0.2232,0.2247,0.2211,0.2263,0.2279,0.2226,0.2226,0.2226,0.2226,0.2226,0.1268,0.1153,0.1216,0.1247,0.1148,0.1216,0.1211,0.1275,0.1200,0.1168,0.1237,0.1179,0.1179,0.1205,0.1237,0.1326,0.1211,0.1159,0.1163,0.1273,0.1243,0.1200,0.1179,0.1179,0.1147,0.1163,0.1147,0.1163,0.1179,0.1200,0.1232,0.1147,0.1147,0.1200,0.1200,0.1200,0.1168,0.1237,0.1147,0.1179,0.1179,0.1195,0.1179
0.9558,0.9611,0.9663,0.9716,0.9753,0.9805,0.9842,0.9895,0.9947,1.0000,0.9932,0.9895,0.9842,0.9789,0.9753,0.9700,0.8674,0.8658,0.8605,0.6606,0.6644,0.6681,0.6665,0.6612,0.6559,0.6612,0.8339,0.2289,0.2247,0.2247,0.2263,0.2226,0.2279,0.2295,0.2242,0.2242,0.2242,0.2242,0.2242,0.1268,0.1153,0.1216,0.1247,0.1148,0.1216,0.1211,0.1275,0.1200,0.1168,0.1237,0.1179,0.1179,0.1205,0.1237,0.1326,0.1211,0.1159,0.1163,0.1273,0.1243,0.1200,0.1179,0.1179,0.1147,0.1163,0.1147,0.1163,0.1179,0.1200,0.1232,0.1147,0.1147,0.1200,0.1200,0.1200,0.1168,0.1237,0.1147,0.1179,0.1179,0.1195,0.1179
0.9505,0.9558,0.9611,0.9663,0.9700,0.9753,0.9789,0.9842,0.9895,0.9932,1.0000,0.9947,0.9895,0.9842,0.9805,0.9753,0.8726,0.8711,0.8658,0.6606,0.6644,0.6681,0.6665,0.6612,0.6559,0.6612,0.8286,0.2289,0.2247,0.2247,0.2263,0.2226,0.2279,0.2295,0.2242,0.2242,0.2242,0.2242,0.2242,0.1268,0.1153,0.1216,0.1247,0.1148,0.1216,0.1211,0.1275,0.1200,0.1168,0.1237,0.1179,0.1179,0.1205,0.1237,0.1326,0.1211,0.1159,0.1163,0.1273,0.1243,0.1200,0.1179,0.1179,0.1147,0.1163,0.1147,0.1163,0.1179,0.1200,0.1232,0.1147,0.1147,0.1200,0.1200,0.1200,0.1168,0.1237,0.1147,0.1179,0.1179,0.1195,0.1179
0.9468,0.9521,0.9574,0.9626,0.9663,0.9716,0.9753,0.9805,0.9858,0.9895,0.9947,1.0000,0.9932,0.9879,0.9842,0.9789,0.8763,0.8747,0.8695,0.6569,0.6606,0.6644,0.6628,0.6574,0.6521,0.6574,0.8249,0.2289,0.2247,0.2247,0.2263,0.2226,0.2279,0.2295,0.2242,0.2242,0.2242,0.2242,0.2242,0.1268,0.1153,0.1216,0.1247,0.1148,0.1216,0.1211,0.1275,0.1200,0.1168,0.1237,0.1179,0.1179,0.1205,0.1237,0.1326,0.1211,0.1159,0.1163,0.1273,0.1243,0.1200,0.1179,0.1179,0.1147,0.1163,0.1147,0.1163,0.1179,0.1200,0.1232,0.1147,0.1147,0.1200,0.1200,0.1200,0.1168,0.1237,0.1147,0.1179,0.1179,0.1195,0.1179
0.9416,0.9468,0.9521,0.9574,0.9611,0.9663,0.9700,0.9753,0.9805,0.9842,0.9895,0.9932,1.0000,0.9932,0.9895,0.9842,0.8763,0.8747,0.8695,0.6553,0.6590,0.6628,0.6612,0.6559,0.6505,0.6559,0.8249,0.2289,0.2247,0.2247,0.2263,0.2226,0.2279,0.2295,0.2242,0.2242,0.2242,0.2242,0.2242,0.1268,0.1153,0.1216,0.1247,0.1148,0.1216,0.1211,0.1275,0.1200,0.1168,0.1237,0.1179,0.1179,0.1205,0.1237,0.1326,0.1211,0.1159,0.1163,0.1273,0.1243,0.1200,0.1179,0.1179,0.1147,0.1163,0.1147,0.1163,0.1179,0.1200,0.1232,0.1147,0.1147,0.1200,0.1200,0.1200,0.1168,0.1237,0.1147,0.1179,0.1179,0.1195,0.1179
0.9363,0.9416,0.9468,0.9521,0.9558,0.9611,0.9647,0.9700,0.9753,0.9789,0.9842,0.9879,0.9932,1.0000,0.9947,0.9895,0.8816,0.8800,0.8747,0.6606,0.6644,0.6681,0.6665,0.6612,0.6559,0.6612,0.8302,0.2342,0.2300,0.2300,0.2316,0.2279,0.2332,0.2347,0.2295,0.2295,0.2295,0.2295,0.2295,0.1253,0.1137,0.1200,0.1232,0.1132,0.1200,0.1195,0.1259,0.1184,0.1153,0.1221,0.1163,0.1163,0.1189,0.1221,0.1311,0.1195,0.1143,0.1147,0.1257,0.1228,0.1184,0.1163,0.1163,0.1132,0.1147,0.1132,0.1147,0.1163,0.1184,0.1216,0.1132,0.1132,0.1184,0.1184,0.1184,0.1153,0.1221,0.1132,0.1163,0.1163,0.1179,0.1163
0.9326,0.9379,0.9432,0.9484,0.9521,0.9574,0.9611,0.9663,0.9716,0.9753,0.9805,0.9842,0.9895,0.9947,1.0000,0.9932,0.8853,0.8837,0.8784,0.6644,0.6681,0.6644,0.6628,0.6574,0.6521,0.6574,0.8265,0.2305,0.2263,0.2263,0.2279,0.2242,0.2295,0.2311,0.2258,0.2258,0.2258,0.2258,0.2258,0.1253,0.1137,0.1200,0.1232,0.1132,0.1200,0.1195,0.1259,0.1184,0.1153,0.1221,0.1163,0.1163,0.1189,0.1221,0.1311,0.1195,0.1143,0.1147,0.1257,0.1228,0.1184,0.1163,0.1163,0.1132,0.1147,0.1132,0.1147,0.1163,0.1184,0.1216,0.1132,0.1132,0.1184,0.1184,0.1184,0.1153,0.1221,0.1132,0.1163,0.1163,0.1179,0.1163
0.9274,0.9326,0.9379,0.9432,0.9468,0.9521,0.9558,0.9611,0.9663,0.9700,0.9753,0.9789,0.9842,0.9895,0.9932,1.0000,0.8905,0.8889,0.8837,0.6697,0.6734,0.6697,0.6681,0.6628,0.6574,0.6628,0.8317,0.2358,0.2316,0.2316,0.2332,0.2295,0.2347,0.2363,0.2311,0.2311,0.2311,0.2311,0.2311,0.1237,0.1189,0.1184,0.1247,0.1132,0.1184,0.1179,0.1243,0.1168,0.1137,0.1221,0.1147,0.1147,0.1174,0.1221,0.1311,0.1179,0.1127,0.1132,0.1241,0.1212,0.1168,0.1147,0.1147,0.1116,0.1132,0.1116,0.1132,0.1147,0.1168,0.1200,0.1116,0.1116,0.1168,0.1168,0.1168,0.1137,0.1221,0.1116,0.1147,0.1147,0.1163,0.1147
0.8300,0.8353,0.8405,0.8458,0.8495,0.8547,0.8584,0.8584,0.8637,0.8674,0.8726,0.8763,0.8763,0.8816,0.8853,0.8905,1.0000,0.9932,0.9880,0.6606,0.6644,0.6606,0.6590,0.6537,0.6484,0.6537,0.7910,0.2842,0.2330,0.2330,0.2346,0.2309,0.2361,0.2377,0.2325,0.2325,0.2325,0.2340,0.2340,0.1026,0.0979,0.0974,0.1037,0.0913,0.0974,0.0969,0.0979,0.0974,0.0995,0.1010,0.0937,0.0974,0.0963,0.0958,0.1131,0.0969,0.0916,0.0921,0.1027,0.0947,0.0995,0.0937,0.0937,0.0906,0.0921,0.0906,0.0921,0.0937,0.0958,0.0990,0.0906,0.0906,0.0958,0.0958,0.0958,0.0927,0.1010,0.0906,0.0937,0.0937,0.0953,0.0937
0.8284,0.8337,0.8389,0.8442,0.8479,0.8532,0.8568,0.8568,0.8621,0.8658,0.8711,0.8747,0.8747,0.8800,0.8837,0.8889,0.9932,1.0000,0.9932,0.6590,0.6628,0.6590,0.6574,0.6521,0.6468,0.6521,0.7894,0.2895,0.2346,0.2346,0.2361,0.2325,0.2377,0.2393,0.2340,0.2340,0.2340,0.2356,0.2356,0.1026,0.0979,0.0974,0.1037,0.0913,0.0974,0.0969,0.0979,0.0974,0.0995,0.1010,0.0937,0.0974,0.0963,0.0958,0.1131,0.0969,0.0916,0.0921,0.1027,0.0947,0.0995,0.0937,0.0937,0.0906,0.0921,0.0906,0.0921,0.0937,0.0958,0.0990,0.0906,0.0906,0.0958,0.0958,0.0958,0.0927,0.1010,0.0906,0.0937,0.0937,0.0953,0.0937
0.8232,0.8284,0.8337,0.8389,0.8426,0.8479,0.8516,0.8516,0.8568,0.8605,0.8658,0.8695,0.8695,0.8747,0.8784,0.8837,0.9880,0.9932,1.0000,0.6644,0.6681,0.6644,0.6628,0.6574,0.6521,0.6468,0.7841,0.2879,0.2330,0.2330,0.2346,0.2309,0.2361,0.2377,0.2325,0.2325,0.2325,0.2340,0.2340,0.1079,0.1031,0.0974,0.1089,0.0967,0.1026,0.1021,0.1032,0.1026,0.0942,0.1063,0.0990,0.1026,0.1016,0.1010,0.1183,0.1021,0.0968,0.0974,0.1080,0.1000,0.1047,0.0990,0.0990,0.0958,0.0974,0.0958,0.0974,0.0990,0.1010,0.1042,0.0958,0.0958,0.1010,0.1010,0.1010,0.0979,0.1063,0.0958,0.0990,0.0990,0.1005,0.0990
0.6229,0.6282,0.6335,0.6388,0.6426,0.6479,0.6516,0.6516,0.6569,0.6606,0.6606,0.6569,0.6553,0.6606,0.6644,0.6697,0.6606,0.6590,0.6644,1.0000,0.9947,0.9910,0.9856,0.9803,0.9750,0.9697,0.7399,0.2809,0.2878,0.2878,0.2894,0.2856,0.2910,0.2926,0.2872,0.2872,0.2872,0.2888,0.2888,0.1351,0.1245,0.1197,0.1298,0.1150,0.1191,0.1202,0.1251,0.1266,0.1154,0.1261,0.1261,0.1223,0.1106,0.1138,0.1457,0.1191,0.1182,0.1154,0.1243,0.1166,0.1191,0.1170,0.1170,0.1154,0.1207,0.1191,0.1245,0.1261,0.1282,0.1266,0.1154,0.1154,0.1207,0.1223,0.1223,0.1191,0.1261,0.1154,0.1170,0.1170,0.1170,0.1170
0.6266,0.6319,0.6372,0.6426,0.6463,0.6516,0.6553,0.6553,0.6606,0.6644,0.6644,0.6606,0.6590,0.6644,0.6681,0.6734,0.6644,0.6628,0.6681,0.9947,1.0000,0.9947,0.9894,0.9840,0.9787,0.9734,0.7436,0.2809,0.2878,0.2878,0.2894,0.2856,0.2910,0.2926,0.2872,0.2872,0.2872,0.2888,0.2888,0.1351,0.1245,0.1197,0.1298,0.1150,0.1191,0.1202,0.1251,0.1266,0.1154,0.1261,0.1261,0.1223,0.1106,0.1138,0.1457,0.1191,0.1182,0.1154,0.1243,0.1166,0.1191,0.1170,0.1170,0.1154,0.1207,0.1191,0.1245,0.1261,0.1282,0.1266,0.1154,0.1154,0.1207,0.1223,0.1223,0.1191,0.1261,0.1154,0.1170,0.1170,0.1170,0.1170
0.6303,0.6356,0.6410,0.6463,0.6500,0.6553,0.6590,0.6590,0.6644,0.6681,0.6681,0.6644,0.6628,0.6681,0.6644,0.6697,0.6606,0.6590,0.6644,0.9910,0.9947,1.0000,0.9931,0.9878,0.9824,0.9771,0.7473,0.2846,0.2915,0.2915,0.2931,0.2894,0.2947,0.2963,0.2910,0.2910,0.2910,0.2926,0.2926,0.1351,0.1245,0.1197,0.1298,0.1150,0.1191,0.1202,0.1251,0.1266,0.1154,0.1261,0.1261,0.1223,0.1106,0.1138,0.1457,0.1191,0.1182,0.1154,0.1243,0.1166,0.1191,0.1170,0.1170,0.1154,0.1207,0.1191,0.1245,0.1261,0.1282,0.1266,0.1154,0.1154,0.1207,0.1223,0.1223,0.1191,0.1261,0.1154,0.1170,0.1170,0.1170,0.1170
0.6287,0.6340,0.6394,0.6447,0.6484,0.6537,0.6574,0.6574,0.6628,0.6665,0.6665,0.6628,0.6612,0.6665,0.6628,0.6681,0.6590,0.6574,0.6628,0.9856,0.9894,0.9931,1.0000,0.9931,0.9878,0.9824,0.7527,0.2846,0.2915,0.2915,0.2931,0.2894,0.2947,0.2963,0.2910,0.2910,0.2910,0.2926,0.2926,0.1298,0.1191,0.1144,0.1245,0.1094,0.1138,0.1149,0.1198,0.1213,0.1101,0.1207,0.1207,0.1170,0.1053,0.1085,0.1404,0.1138,0.1128,0.1101,0.1189,0.1112,0.1138,0.1117,0.1117,0.1101,0.1154,0.1138,0.1191,0.1207,0.1229,0.1213,0.1101,0.1101,0.1154,0.1170,0.1170,0.1138,0.1207,0.1101,0.1117,0.1117,0.1117,0.1117
0.6340,0.6287,0.6340,0.6394,0.6431,0.6484,0.6521,0.6521,0.6574,0.6612,0.6612,0.6574,0.6559,0.6612,0.6574,0.6628,0.6537,0.6521,0.6574,0.9803,0.9840,0.9878,0.9931,1.0000,0.9931,0.9878,0.7580,0.2899,0.2968,0.2968,0.2984,0.2947,0.3000,0.3016,0.2963,0.2963,0.2963,0.2979,0.2979,0.1314,0.1176,0.1160,0.1261,0.1111,0.1154,0.1165,0.1214,0.1229,0.1101,0.1207,0.1223,0.1186,0.1069,0.1101,0.1404,0.1154,0.1112,0.1117,0.1205,0.1128,0.1154,0.1133,0.1133,0.1117,0.1170,0.1154,0.1207,0.1223,0.1245,0.1229,0.1117,0.1117,0.1170,0.1186,0.1154,0.1122,0.1207,0.1117,0.1133,0.1133,0.1133,0.1133
0.6287,0.6234,0.6287,0.6340,0.6378,0.6431,0.6468,0.6468,0.6521,0.6559,0.6559,0.6521,0.6505,0.6559,0.6521,0.6574,0.6484,0.6468,0.6521,0.9750,0.9787,0.9824,0.9878,0.9931,1.0000,0.9931,0.7633,0.2899,0.2968,0.2968,0.2984,0.2947,0.3000,0.3016,0.2963,0.2963,0.2963,0.2979,0.2979,0.1314,0.1176,0.1160,0.1261,0.1128,0.1154,0.1165,0.1214,0.1229,0.1101,0.1207,0.1223,0.1186,0.1069,0.1101,0.1404,0.1154,0.1112,0.1117,0.1205,0.1128,0.1154,0.1133,0.1133,0.1117,0.1170,0.1154,0.1207,0.1223,0.1245,0.1229,0.1117,0.1117,0.1170,0.1186,0.1154,0.1122,0.1207,0.1117,0.1133,0.1133,0.1133,0.1133
0.6340,0.6287,0.6340,0.6394,0.6431,0.6484,0.6521,0.6521,0.6574,0.6612,0.6612,0.6574,0.6559,0.6612,0.6574,0.6628,0.6537,0.6521,0.6468,0.9697,0.9734,0.9771,0.9824,0.9878,0.9931,1.0000,0.7686,0.2915,0.2984,0.2984,0.3000,0.2963,0.3016,0.3032,0.2979,0.2979,0.2979,0.2995,0.2995,0.1261,0.1122,0.1160,0.1207,0.1072,0.1101,0.1112,0.1160,0.1176,0.1154,0.1154,0.1170,0.1133,0.1016,0.1048,0.1351,0.1101,0.1059,0.1064,0.1151,0.1075,0.1101,0.1080,0.1080,0.1064,0.1117,0.1101,0.1154,0.1170,0.1191,0.1176,0.1064,0.1064,0.1117,0.1133,0.1101,0.1069,0.1154,0.1064,0.1080,0.1080,0.1080,0.1080
0.8016,0.7963,0.8016,0.8069,0.8106,0.8159,0.8196,0.8249,0.8302,0.8339,0.8286,0.8249,0.8249,0.8302,0.8265,0.8317,0.7910,0.7894,0.7841,0.7399,0.7436,0.7473,0.7527,0.7580,0.7633,0.7686,1.0000,0.2878,0.2815,0.2815,0.2831,0.2794,0.2847,0.2862,0.2810,0.2810,0.2810,0.2810,0.2810,0.1302,0.1148,0.1233,0.1280,0.1099,0.1143,0.1138,0.1234,0.1217,0.1180,0.1196,0.1212,0.1138,0.1058,0.1090,0.1354,0.1175,0.1085,0.1090,0.1177,0.1170,0.1090,0.1122,0.1122,0.1106,0.1159,0.1143,0.1196,0.1212,0.1233,0.1249,0.1106,0.1106,0.1159,0.1159,0.1127,0.1095,0.1196,0.1106,0.1122,0.1122,0.1122,0.1122
0.2416,0.2363,0.2363,0.2379,0.2379,0.2326,0.2289,0.2289,0.2274,0.2289,0.2289,0.2289,0.2289,0.2342,0.2305,0.2358,0.2842,0.2895,0.2879,0.2809,0.2809,0.2846,0.2846,0.2899,0.2899,0.2915,0.2878,1.0000,0.9163,0.9163,0.9126,0.9089,0.9037,0.8984,0.8932,0.8895,0.8842,0.8842,0.8805,0.1111,0.1068,0.1111,0.1179,0.1093,0.1063,0.1132,0.1185,0.1095,0.1111,0.1105,0.1147,0.1116,0.1011,0.0968,0.1263,0.1132,0.1011,0.1047,0.1096,0.1169,0.1116,0.1079,0.1079,0.1079,0.1132,0.1147,0.1147,0.1147,0.1111,0.1147,0.1079,0.1079,0.1132,0.1132,0.1105,0.1000,0.1105,0.1079,0.1079,0.1079,0.1095,0.1079
0.2374,0.2321,0.2321,0.2337,0.2337,0.2284,0.2247,0.2247,0.2232,0.2247,0.2247,0.2247,0.2247,0.2300,0.2263,0.2316,0.2330,0.2346,0.2330,0.2878,0.2878,0.2915,0.2915,0.2968,0.2968,0.2984,0.2815,0.9163,1.0000,0.9948,0.9911,0.9874,0.9822,0.9770,0.9717,0.9681,0.9628,0.9576,0.9539,0.1068,0.1026,0.1068,0.1136,0.1049,0.1021,0.1089,0.1142,0.1052,0.1068,0.1063,0.1105,0.1141,0.0969,0.0927,0.1220,0.1089,0.0968,0.1005,0.1053,0.1126,0.1073,0.1037,0.1037,0.1037,0.1089,0.1105,0.1105,0.1105,0.1068,0.1105,0.1037,0.1037,0.1089,0.1089,0.1063,0.0958,0.1063,0.1037,0.1037,0.1037,0.1052,0.1037
0.2374,0.2321,0.2321,0.2337,0.2337,0.2284,0.2247,0.2247,0.2232,0.2247,0.2247,0.2247,0.2247,0.2300,0.2263,0.2316,0.2330,0.2346,0.2330,0.2878,0.2878,0.2915,0.2915,0.2968,0.2968,0.2984,0.2815,0.9163,0.9948,1.0000,0.9948,0.9911,0.9859,0.9806,0.9754,0.9717,0.9665,0.9613,0.9576,0.1068,0.1026,0.1068,0.1136,0.1049,0.1021,0.1089,0.1142,0.1052,0.1068,0.1063,0.1105,0.1141,0.0969,0.0927,0.1220,0.1089,0.0968,0.1005,0.1053,0.1126,0.1073,0.1037,0.1037,0.1037,0.1089,0.1105,0.1105,0.1105,0.1068,0.1105,0.1037,0.1037,0.1089,0.1089,0.1063,0.0958,0.1063,0.1037,0.1037,0.1037,0.1052,0.1037
0.2389,0.2337,0.2337,0.2353,0.2353,0.2300,0.2263,0.2263,0.2247,0.2263,0.2263,0.2263,0.2263,0.2316,0.2279,0.2332,0.2346,0.2361,0.2346,0.2894,0.2894,0.2931,0.2931,0.2984,0.2984,0.3000,0.2831,0.9126,0.9911,0.9948,1.0000,0.9948,0.9895,0.9843,0.9791,0.9754,0.9702,0.9649,0.9613,0.1068,0.1026,0.1068,0.1136,0.1049,0.1021,0.1089,0.1142,0.1052,0.1068,0.1063,0.1105,0.1141,0.0969,0.0927,0.1220,0.1089,0.0968,0.1005,0.1053,0.1126,0.1073,0.1037,0.1037,0.1037,0.1089,0.1105,0.1105,0.1105,0.1068,0.1105,0.1037,0.1037,0.1089,0.1089,0.1063,0.0958,0.1063,0.1037,0.1037,0.1037,0.1052,0.1037
0.2353,0.2300,0.2300,0.2316,0.2316,0.2263,0.2226,0.2226,0.2211,0.2226,0.2226,0.2226,0.2226,0.2279,0.2242,0.2295,0.2309,0.2325,0.2309,0.2856,0.2856,0.2894,0.2894,0.2947,0.2947,0.2963,0.2794,0.9089,0.9874,0.9911,0.9948,1.0000,0.9932,0.9880,0.9827,0.9791,0.9738,0.9686,0.9649,0.1068,0.1026,0.1068,0.1136,0.1049,0.1021,0.1089,0.1142,0.1052,0.1068,0.1063,0.1105,0.1141,0.0969,0.0927,0.1220,0.1089,0.0968,0.1005,0.1053,0.1126,0.1073,0.1037,0.1037,0.1037,0.1089,0.1105,0.1105,0.1105,0.1068,0.1105,0.1037,0.1037,0.1089,0.1089,0.1063,0.0958,0.1063,0.1037,0.1037,0.1037,0.1052,0.1037
0.2405,0.2353,0.2353,0.2368,0.2368,0.2316,0.2279,0.2279,0.2263,0.2279,0.2279,0.2279,0.2279,0.2332,0.2295,0.2347,0.2361,0.2377,0.2361,0.2910,0.2910,0.2947,0.2947,0.3000,0.3000,0.3016,0.2847,0.9037,0.9822,0.9859,0.9895,0.9932,1.0000,0.9932,0.9880,0.9843,0.9791,0.9738,0.9702,0.1068,0.1026,0.1068,0.1136,0.1049,0.1021,0.1089,0.1142,0.1052,0.1068,0.1063,0.1105,0.1141,0.0969,0.0927,0.1220,0.1089,0.0968,0.1005,0.1053,0.1126,0.1073,0.1037,0.1037,0.1037,0.1089,0.1105,0.1105,0.1105,0.1068,0.1105,0.1037,0.1037,0.1089,0.1089,0.1063,0.0958,0.1063,0.1037,0.1037,0.1037,0.1052,0.1037
0.2421,0.2368,0.2368,0.2384,0.2384,0.2332,0.2295,0.2295,0.2279,0.2295,0.2295,0.2295,0.2295,0.2347,0.2311,0.2363,0.2377,0.2393,0.2377,0.2926,0.2926,0.2963,0.2963,0.3016,0.3016,0.3032,0.2862,0.8984,0.9770,0.9806,0.9843,0.9880,0.9932,1.0000,0.9932,0.9895,0.9843,0.9791,0.9754,0.1068,0.1026,0.1068,0.1136,0.1049,0.1021,0.1089,0.1142,0.1052,0.1068,0.1063,0.1105,0.1141,0.0969,0.0927,0.1220,0.1089,0.0968,0.1005,0.1053,0.1126,0.1073,0.1037,0.1037,0.1037,0.1089,0.1105,0.1105,0.1105,0.1068,0.1105,0.1037,0.1037,0.1089,0.1089,0.1063,0.0958,0.1063,0.1037,0.1037,0.1037,0.1052,0.1037
0.2368,0.2316,0.2316,0.2332,0.2332,0.2279,0.2242,0.2242,0.2226,0.2242,0.2242,0.2242,0.2242,0.2295,0.2258,0.2311,0.2325,0.2340,0.2325,0.2872,0.2872,0.2910,0.2910,0.2963,0.2963,0.2979,0.2810,0.8932,0.9717,0.9754,0.9791,0.9827,0.9880,0.9932,1.0000,0.9948,0.9895,0.9843,0.9806,0.1084,0.1042,0.1084,0.1152,0.1066,0.1037,0.1105,0.1158,0.1068,0.1084,0.1079,0.1120,0.1157,0.0984,0.0942,0.1236,0.1105,0.0984,0.1021,0.1069,0.1142,0.1089,0.1052,0.1052,0.1052,0.1105,0.1120,0.1120,0.1120,0.1084,0.1120,0.1052,0.1052,0.1105,0.1105,0.1079,0.0974,0.1079,0.1052,0.1052,0.1052,0.1068,0.1052
0.2368,0.2316,0.2316,0.2332,0.2332,0.2279,0.2242,0.2242,0.2226,0.2242,0.2242,0.2242,0.2242,0.2295,0.2258,0.2311,0.2325,0.2340,0.2325,0.2872,0.2872,0.2910,0.2910,0.2963,0.2963,0.2979,0.2810,0.8895,0.9681,0.9717,0.9754,0.9791,0.9843,0.9895,0.9948,1.0000,0.9932,0.9880,0.9843,0.1084,0.1042,0.1084,0.1152,0.1066,0.1037,0.1105,0.1158,0.1068,0.1084,0.1079,0.1120,0.1157,0.0984,0.0942,0.1236,0.1105,0.0984,0.1021,0.1069,0.1142,0.1089,0.1052,0.1052,0.1052,0.1105,0.1120,0.1120,0.1120,0.1084,0.1120,0.1052,0.1052,0.1105,0.1105,0.1079,0.0974,0.1079,0.1052,0.1052,0.1052,0.1068,0.1052
0.2421,0.2368,0.2316,0.2332,0.2332,0.2279,0.2242,0.2242,0.2226,0.2242,0.2242,0.2242,0.2242,0.2295,0.2258,0.2311,0.2325,0.2340,0.2325,0.2872,0.2872,0.2910,0.2910,0.2963,0.2963,0.2979,0.2810,0.8842,0.9628,0.9665,0.9702,0.9738,0.9791,0.9843,0.9895,0.9932,1.0000,0.9932,0.9895,0.1084,0.1042,0.1084,0.1152,0.1066,0.1037,0.1105,0.1158,0.1068,0.1084,0.1079,0.1120,0.1157,0.0984,0.0942,0.1236,0.1105,0.0984,0.1021,0.1069,0.1142,0.1089,0.1052,0.1052,0.1052,0.1105,0.1120,0.1120,0.1120,0.1084,0.1120,0.1052,0.1052,0.1105,0.1105,0.1079,0.0974,0.1079,0.1052,0.1052,0.1052,0.1068,0.1052
0.2421,0.2368,0.2316,0.2332,0.2332,0.2279,0.2242,0.2242,0.2226,0.2242,0.2242,0.2242,0.2242,0.2295,0.2258,0.2311,0.2340,0.2356,0.2340,0.2888,0.2888,0.2926,0.2926,0.2979,0.2979,0.2995,0.2810,0.8842,0.9576,0.9613,0.9649,0.9686,0.9738,0.9791,0.9843,0.9880,0.9932,1.0000,0.9948,0.1084,0.1042,0.1084,0.1152,0.1066,0.1037,0.1105,0.1158,0.1068,0.1084,0.1079,0.1120,0.1157,0.0984,0.0942,0.1236,0.1105,0.0984,0.1021,0.1069,0.1142,0.1089,0.1052,0.1052,0.1052,0.1105,0.1120,0.1120,0.1120,0.1084,0.1120,0.1052,0.1052,0.1105,0.1105,0.1079,0.0974,0.1079,0.1052,0.1052,0.1052,0.1068,0.1052
0.2421,0.2368,0.2316,0.2332,0.2332,0.2279,0.2242,0.2242,0.2226,0.2242,0.2242,0.2242,0.2242,0.2295,0.2258,0.2311,0.2340,0.2356,0.2340,0.2888,0.2888,0.2926,0.2926,0.2979,0.2979,0.2995,0.2810,0.8805,0.9539,0.9576,0.9613,0.9649,0.9702,0.9754,0.9806,0.9843,0.9895,0.9948,1.0000,0.1084,0.1042,0.1084,0.1152,0.1066,0.1037,0.1105,0.1158,0.1068,0.1084,0.1079,0.1120,0.1157,0.0984,0.0942,0.1236,0.1105,0.0984,0.1021,0.1069,0.1142,0.1089,0.1052,0.1052,0.1052,0.1105,0.1120,0.1120,0.1120,0.1084,0.1120,0.1052,0.1052,0.1105,0.1105,0.1079,0.0974,0.1079,0.1052,0.1052,0.1052,0.1068,0.1052
0.1337,0.1321,0.1321,0.1305,0.1268,0.1253,0.1253,0.1268,0.1268,0.1268,0.1268,0.1268,0.1268,0.1253,0.1253,0.1237,0.1026,0.1026,0.1079,0.1351,0.1351,0.1351,0.1298,0.1314,0.1314,0.1261,0.1302,0.1111,0.1068,0.1068,0.1068,0.1068,0.1068,0.1068,0.1084,0.1084,0.1084,0.1084,0.1084,1.0000,0.7616,0.8750,0.8679,0.8284,0.8625,0.8606,0.8930,0.9750,0.7921,0.7866,0.9514,0.8495,0.8699,0.8194,0.7727,0.8694,0.7721,0.8319,0.8474,0.8327,0.8435,0.8870,0.8903,0.9139,0.9264,0.9370,0.9606,0.9685,0.9843,0.8889,0.9106,0.9074,0.9014,0.8968,0.8181,0.7792,0.7977,0.9074,0.8903,0.8903,0.8824,0.8806
0.1174,0.1189,0.1189,0.1189,0.1153,0.1137,0.1137,0.1153,0.1153,0.1153,0.1153,0.1153,0.1153,0.1137,0.1137,0.1189,0.0979,0.0979,0.1031,0.1245,0.1245,0.1245,0.1191,0.1176,0.1176,0.1122,0.1148,0.1068,0.1026,0.1026,0.1026,0.1026,0.1026,0.1026,0.1042,0.1042,0.1042,0.1042,0.1042,0.7616,1.0000,0.7477,0.7419,0.7769,0.7806,0.7847,0.7512,0.7556,0.7625,0.8870,0.7602,0.8069,0.7713,0.7722,0.8731,0.7755,0.9363,0.7560,0.7883,0.7589,0.8084,0.7926,0.7958,0.8005,0.7991,0.7912,0.7787,0.7741,0.7648,0.7491,0.8069,0.8069,0.8241,0.8287,0.9231,0.9764,0.8949,0.8069,0.7958,0.7958,0.7880,0.7926
0.1284,0.1268,0.1268,0.1253,0.1216,0.1200,0.1200,0.1216,0.1216,0.1216,0.1216,0.1216,0.1216,0.1200,0.1200,0.1184,0.0974,0.0974,0.0974,0.1197,0.1197,0.1197,0.1144,0.1160,0.1160,0.1160,0.1233,0.1111,0.1068,0.1068,0.1068,0.1068,0.1068,0.1068,0.1084,0.1084,0.1084,0.1084,0.1084,0.8750,0.7477,1.0000,0.9577,0.8173,0.8333,0.8394,0.8512,0.8782,0.7921,0.7667,0.8940,0.8375,0.8537,0.8046,0.7542,0.8481,0.7488,0.8102,0.8160,0.8159,0.8280,0.8625,0.8657,0.8861,0.8861,0.8875,0.9111,0.9032,0.8875,0.9829,0.8736,0.8769,0.8644,0.8597,0.7889,0.7593,0.7745,0.8769,0.8657,0.8657,0.8532,0.8528
0.1316,0.1300,0.1300,0.1284,0.1247,0.1232,0.1232,0.1247,0.1247,0.1247,0.1247,0.1247,0.1247,0.1232,0.1232,0.1247,0.1037,0.1037,0.1089,0.1298,0.1298,0.1298,0.1245,0.1261,0.1261,0.1207,0.1280,0.1179,0.1136,0.1136,0.1136,0.1136,0.1136,0.1136,0.1152,0.1152,0.1152,0.1152,0.1152,0.8679,0.7419,0.9577,1.0000,0.8179,0.8307,0.8414,0.8472,0.8744,0.7772,0.7721,0.8870,0.8242,0.8437,0.8047,0.7563,0.8470,0.7402,0.8088,0.8118,0.8079,0.8201,0.8553,0.8586,0.8823,0.8823,0.8837,0.9074,0.8995,0.8837,0.9749,0.8698,0.8730,0.8591,0.8544,0.7865,0.7474,0.7767,0.8730,0.8586,0.8586,0.8521,0.8456
0.1220,0.1203,0.1203,0.1187,0.1148,0.1132,0.1132,0.1148,0.1148,0.1148,0.1148,0.1148,0.1148,0.1132,0.1132,0.1132,0.0913,0.0913,0.0967,0.1150,0.1150,0.1150,0.1094,0.1111,0.1128,0.1072,0.1099,0.1093,0.1049,0.1049,0.1049,0.1049,0.1049,0.1049,0.1066,0.1066,0.1066,0.1066,0.1066,0.8284,0.7769,0.8173,0.8179,1.0000,0.8418,0.8851,0.8357,0.8303,0.8183,0.7986,0.8481,0.8562,0.8476,0.8317,0.7731,0.8514,0.7976,0.8476,0.8624,0.8165,0.8311,0.8721,0.8755,0.8784,0.8750,0.8639,0.8577,0.8495,0.8399,0.8317,0.8817,0.8817,0.8736,0.8784,0.8067,0.7808,0.7971,0.8817,0.8755,0.8755,0.8611,0.8822
0.1268,0.1253,0.1253,0.1253,0.1216,0.1200,0.1200,0.1216,0.1216,0.1216,0.1216,0.1216,0.1216,0.1200,0.1200,0.1184,0.0974,0.0974,0.1026,0.1191,0.1191,0.1191,0.1138,0.1154,0.1154,0.1101,0.1143,0.1063,0.1021,0.1021,0.1021,0.1021,0.1021,0.1021,0.1037,0.1037,0.1037,0.1037,0.1037,0.8625,0.7806,0.8333,0.8307,0.8418,1.0000,0.9236,0.8651,0.8736,0.8051,0.8102,0.8755,0.8500,0.8745,0.8523,0.7917,0.9338,0.7879,0.9009,0.8934,0.8505,0.8533,0.9389,0.9421,0.9236,0.9157,0.9079,0.8907,0.8861,0.8736,0.8472,0.9157,0.9190,0.8986,0.8940,0.8185,0.7935,0.8181,0.9190,0.9421,0.9454,0.9625,0.9199
0.1263,0.1247,0.1247,0.1247,0.1211,0.1195,0.1195,0.1211,0.1211,0.1211,0.1211,0.1211,0.1211,0.1195,0.1195,0.1179,0.0969,0.0969,0.1021,0.1202,0.1202,0.1202,0.1149,0.1165,0.1165,0.1112,0.1138,0.1132,0.1089,0.1089,0.1089,0.1089,0.1089,0.1089,0.1105,0.1105,0.1105,0.1105,0.1105,0.8606,0.7847,0.8394,0.8414,0.8851,0.9236,1.0000,0.8809,0.8671,0.8324,0.7958,0.8815,0.8759,0.8778,0.8694,0.7773,0.9324,0.7842,0.9111,0.9169,0.8439,0.8668,0.9639,0.9671,0.9421,0.9343,0.9204,0.9000,0.8921,0.8764,0.8532,0.9343,0.9343,0.9153,0.9199,0.8241,0.7898,0.8037,0.9343,0.9671,0.9704,0.9546,0.9449
0.1328,0.1312,0.1312,0.1312,0.1275,0.1259,0.1259,0.1275,0.1275,0.1275,0.1275,0.1275,0.1275,0.1259,0.1259,0.1243,0.0979,0.0979,0.1032,0.1251,0.1251,0.1251,0.1198,0.1214,0.1214,0.1160,0.1234,0.1185,0.1142,0.1142,0.1142,0.1142,0.1142,0.1142,0.1158,0.1158,0.1158,0.1158,0.1158,0.8930,0.7512,0.8512,0.8472,0.8357,0.8651,0.8809,1.0000,0.8949,0.8102,0.7809,0.9121,0.8353,0.8730,0.8279,0.7656,0.8819,0.7650,0.8409,0.8552,0.8606,0.8620,0.8981,0.9014,0.9251,0.9377,0.9516,0.9279,0.9200,0.9042,0.8684,0.9126,0.9093,0.8953,0.8907,0.8065,0.7628,0.7921,0.9093,0.9014,0.9014,0.8916,0.8916
0.1268,0.1253,0.1253,0.1237,0.1200,0.1184,0.1184,0.1200,0.1200,0.1200,0.1200,0.1200,0.1200,0.1184,0.1184,0.1168,0.0974,0.0974,0.1026,0.1266,0.1266,0.1266,0.1213,0.1229,0.1229,0.1176,0.1217,0.1095,0.1052,0.1052,0.1052,0.1052,0.1052,0.1052,0.1068,0.1068,0.1068,0.1068,0.1068,0.9750,0.7556,0.8782,0.8744,0.8303,0.8736,0.8671,0.8949,1.0000,0.7940,0.7806,0.9579,0.8468,0.8810,0.8241,0.7667,0.8713,0.7660,0.8417,0.8446,0.8439,0.8407,0.8935,0.8968,0.9204,0.9329,0.9435,0.9671,0.9750,0.9907,0.8954,0.9171,0.9139,0.8986,0.8940,0.8120,0.7731,0.7917,0.9139,0.8968,0.8968,0.8843,0.8870
0.1205,0.1205,0.1205,0.1205,0.1168,0.1153,0.1153,0.1168,0.1168,0.1168,0.1168,0.1168,0.1168,0.1153,0.1153,0.1137,0.0995,0.0995,0.0942,0.1154,0.1154,0.1154,0.1101,0.1101,0.1101,0.1154,0.1180,0.1111,0.1068,0.1068,0.1068,0.1068,0.1068,0.1068,0.1084,0.1084,0.1084,0.1084,0.1084,0.7921,0.7625,0.7921,0.7772,0.8183,0.8051,0.8324,0.8102,0.7940,1.0000,0.7764,0.8019,0.8102,0.8213,0.7819,0.7731,0.7995,0.7730,0.7870,0.8014,0.7883,0.8257,0.8343,0.8375,0.8500,0.8468,0.8361,0.8157,0.8144,0.8032,0.7954,0.8579,0.8579,0.8403,0.8449,0.8125,0.7722,0.7843,0.8579,0.8375,0.8375,0.8250,0.8278
0.1274,0.1274,0.1274,0.1274,0.1237,0.1221,0.1221,0.1237,0.1237,0.1237,0.1237,0.1237,0.1237,0.1221,0.1221,0.1221,0.1010,0.1010,0.1063,0.1261,0.1261,0.1261,0.1207,0.1207,0.1207,0.1154,0.1196,0.1105,0.1063,0.1063,0.1063,0.1063,0.1063,0.1063,0.1079,0.1079,0.1079,0.1079,0.1079,0.7866,0.8870,0.7667,0.7721,0.7986,0.8102,0.7958,0.7809,0.7806,0.7764,1.0000,0.7819,0.8148,0.7995,0.7894,0.9560,0.8019,0.8758,0.7769,0.8122,0.7720,0.8463,0.8130,0.8097,0.8287,0.8287,0.8208,0.8069,0.7991,0.7898,0.7773,0.8352,0.8352,0.8556,0.8542,0.9454,0.8954,0.9856,0.8352,0.8097,0.8097,0.8144,0.8097
0.1247,0.1232,0.1232,0.1216,0.1179,0.1163,0.1163,0.1179,0.1179,0.1179,0.1179,0.1179,0.1179,0.1163,0.1163,0.1147,0.0937,0.0937,0.0990,0.1261,0.1261,0.1261,0.1207,0.1223,0.1223,0.1170,0.1212,0.1147,0.1105,0.1105,0.1105,0.1105,0.1105,0.1105,0.1120,0.1120,0.1120,0.1120,0.1120,0.9514,0.7602,0.8940,0.8870,0.8481,0.8755,0.8815,0.9121,0.9579,0.8019,0.7819,1.0000,0.8546,0.8704,0.8241,0.7681,0.8856,0.7693,0.8495,0.8573,0.8472,0.8467,0.9079,0.9111,0.9282,0.9407,0.9514,0.9750,0.9829,0.9671,0.9079,0.9157,0.9125,0.8940,0.8894,0.8074,0.7718,0.7931,0.9125,0.9111,0.9111,0.8986,0.9028
0.1232,0.1216,0.1216,0.1216,0.1179,0.1163,0.1163,0.1179,0.1179,0.1179,0.1179,0.1179,0.1179,0.1163,0.1163,0.1147,0.0974,0.0974,0.1026,0.1223,0.1223,0.1223,0.1170,0.1186,0.1186,0.1133,0.1138,0.1116,0.1141,0.1141,0.1141,0.1141,0.1141,0.1141,0.1157,0.1157,0.1157,0.1157,0.1157,0.8495,0.8069,0.8375,0.8242,0.8562,0.8500,0.8759,0.8353,0.8468,0.8102,0.8148,0.8546,1.0000,0.8824,0.8384,0.7963,0.8699,0.8177,0.8319,0.8775,0.8187,0.8673,0.8838,0.8870,0.8949,0.8935,0.8796,0.8639,0.8560,0.8560,0.8421,0.9074,0.9074,0.9324,0.9370,0.8491,0.8245,0.8227,0.9074,0.8870,0.8870,0.8699,0.8884
0.1258,0.1242,0.1242,0.1242,0.1205,0.1189,0.1189,0.1205,0.1205,0.1205,0.1205,0.1205,0.1205,0.1189,0.1189,0.1174,0.0963,0.0963,0.1016,0.1106,0.1106,0.1106,0.1053,0.1069,0.1069,0.1016,0.1058,0.1011,0.0969,0.0969,0.0969,0.0969,0.0969,0.0969,0.0984,0.0984,0.0984,0.0984,0.0984,0.8699,0.7713,0.8537,0.8437,0.8476,0.8745,0.8778,0.8730,0.8810,0.8213,0.7995,0.8704,0.8824,1.0000,0.8412,0.7810,0.8648,0.7879,0.8463,0.8634,0.8467,0.8804,0.8949,0.8981,0.9218,0.9093,0.9000,0.8921,0.8843,0.8810,0.8648,0.9343,0.9343,0.9296,0.9250,0.8278,0.7889,0.8074,0.9343,0.8981,0.8981,0.8824,0.8884
0.1289,0.1274,0.1274,0.1274,0.1237,0.1221,0.1221,0.1237,0.1237,0.1237,0.1237,0.1237,0.1237,0.1221,0.1221,0.1221,0.0958,0.0958,0.1010,0.1138,0.1138,0.1138,0.1085,0.1101,0.1101,0.1048,0.1090,0.0968,0.0927,0.0927,0.0927,0.0927,0.0927,0.0927,0.0942,0.0942,0.0942,0.0942,0.0942,0.8194,0.7722,0.8046,0.8047,0.8317,0.8523,0.8694,0.8279,0.8241,0.7819,0.7894,0.8241,0.8384,0.8412,1.0000,0.7787,0.8597,0.7637,0.8269,0.8826,0.8154,0.8271,0.8852,0.8884,0.8755,0.8662,0.8583,0.8380,0.8301,0.8273,0.8120,0.8708,0.8708,0.8616,0.8662,0.8083,0.7727,0.8005,0.8708,0.8884,0.8852,0.8727,0.9106
0.1363,0.1363,0.1363,0.1363,0.1326,0.1311,0.1311,0.1326,0.1326,0.1326,0.1326,0.1326,0.1326,0.1311,0.1311,0.1311,0.1131,0.1131,0.1183,0.1457,0.1457,0.1457,0.1404,0.1404,0.1404,0.1351,0.1354,0.1263,0.1220,0.1220,0.1220,0.1220,0.1220,0.1220,0.1236,0.1236,0.1236,0.1236,0.1236,0.7727,0.8731,0.7542,0.7563,0.7731,0.7917,0.7773,0.7656,0.7667,0.7731,0.9560,0.7681,0.7963,0.7810,0.7787,1.0000,0.7833,0.8526,0.7583,0.7934,0.7439,0.8308,0.7977,0.7944,0.8134,0.8134,0.8056,0.7931,0.7852,0.7759,0.7648,0.8199,0.8199,0.8403,0.8389,0.9269,0.8815,0.9704,0.8199,0.7944,0.7944,0.7958,0.7944
0.1263,0.1247,0.1247,0.1247,0.1211,0.1195,0.1195,0.1211,0.1211,0.1211,0.1211,0.1211,0.1211,0.1195,0.1195,0.1179,0.0969,0.0969,0.1021,0.1191,0.1191,0.1191,0.1138,0.1154,0.1154,0.1101,0.1175,0.1132,0.1089,0.1089,0.1089,0.1089,0.1089,0.1089,0.1105,0.1105,0.1105,0.1105,0.1105,0.8694,0.7755,0.8481,0.8470,0.8514,0.9338,0.9324,0.8819,0.8713,0.7995,0.8019,0.8856,0.8699,0.8648,0.8597,0.7833,1.0000,0.7735,0.9069,0.8981,0.8453,0.8542,0.9495,0.9528,0.9278,0.9264,0.9245,0.9042,0.8963,0.8806,0.8620,0.9199,0.9167,0.9028,0.8981,0.8148,0.7806,0.8097,0.9167,0.9528,0.9560,0.9713,0.9370
0.1180,0.1196,0.1196,0.1196,0.1159,0.1143,0.1143,0.1159,0.1159,0.1159,0.1159,0.1159,0.1159,0.1143,0.1143,0.1127,0.0916,0.0916,0.0968,0.1182,0.1182,0.1182,0.1128,0.1112,0.1112,0.1059,0.1085,0.1011,0.0968,0.0968,0.0968,0.0968,0.0968,0.0968,0.0984,0.0984,0.0984,0.0984,0.0984,0.7721,0.9363,0.7488,0.7402,0.7976,0.7879,0.7842,0.7650,0.7660,0.7730,0.8758,0.7693,0.8177,0.7879,0.7637,0.8526,0.7735,1.0000,0.7526,0.7764,0.7793,0.8127,0.7907,0.7940,0.8051,0.8037,0.7958,0.7833,0.7786,0.7753,0.7535,0.8177,0.8177,0.8316,0.8363,0.9135,0.9540,0.8744,0.8177,0.7940,0.7940,0.7860,0.7907
0.1216,0.1200,0.1200,0.1200,0.1163,0.1147,0.1147,0.1163,0.1163,0.1163,0.1163,0.1163,0.1163,0.1147,0.1147,0.1132,0.0921,0.0921,0.0974,0.1154,0.1154,0.1154,0.1101,0.1117,0.1117,0.1064,0.1090,0.1047,0.1005,0.1005,0.1005,0.1005,0.1005,0.1005,0.1021,0.1021,0.1021,0.1021,0.1021,0.8319,0.7560,0.8102,0.8088,0.8476,0.9009,0.9111,0.8409,0.8417,0.7870,0.7769,0.8495,0.8319,0.8463,0.8269,0.7583,0.9069,0.7526,1.0000,0.8798,0.8308,0.8397,0.9319,0.9287,0.9037,0.8991,0.8852,0.8648,0.8602,0.8477,0.8241,0.9056,0.9023,0.8806,0.8759,0.7894,0.7644,0.7847,0.9023,0.9287,0.9255,0.9194,0.9130
0.1326,0.1310,0.1310,0.1310,0.1273,0.1257,0.1257,0.1273,0.1273,0.1273,0.1273,0.1273,0.1273,0.1257,0.1257,0.1241,0.1027,0.1027,0.1080,0.1243,0.1243,0.1243,0.1189,0.1205,0.1205,0.1151,0.1177,0.1096,0.1053,0.1053,0.1053,0.1053,0.1053,0.1053,0.1069,0.1069,0.1069,0.1069,0.1069,0.8474,0.7883,0.8160,0.8118,0.8624,0.8934,0.9169,0.8552,0.8446,0.8014,0.8122,0.8573,0.8775,0.8634,0.8826,0.7934,0.8981,0.7764,0.8798,1.0000,0.8109,0.8744,0.9268,0.9300,0.9141,0.9061,0.8920,0.8714,0.8634,0.8540,0.8300,0.9094,0.9061,0.9094,0.9108,0.8296,0.7915,0.8202,0.9061,0.9300,0.9268,0.9141,0.9493
0.1296,0.1280,0.1280,0.1280,0.1243,0.1228,0.1228,0.1243,0.1243,0.1243,0.1243,0.1243,0.1243,0.1228,0.1228,0.1212,0.0947,0.0947,0.1000,0.1166,0.1166,0.1166,0.1112,0.1128,0.1128,0.1075,0.1170,0.1169,0.1126,0.1126,0.1126,0.1126,0.1126,0.1126,0.1142,0.1142,0.1142,0.1142,0.1142,0.8327,0.7589,0.8159,0.8079,0.8165,0.8505,0.8439,0.8606,0.8439,0.7883,0.7720,0.8472,0.8187,0.8467,0.8154,0.7439,0.8453,0.7793,0.8308,0.8109,1.0000,0.8239,0.8579,0.8612,0.8850,0.8930,0.8850,0.8645,0.8598,0.8439,0.8332,0.8724,0.8724,0.8692,0.8645,0.7897,0.7706,0.7706,0.8724,0.8612,0.8612,0.8519,0.8481
0.1253,0.1237,0.1237,0.1237,0.1200,0.1184,0.1184,0.1200,0.1200,0.1200,0.1200,0.1200,0.1200,0.1184,0.1184,0.1168,0.0995,0.0995,0.1047,0.1191,0.1191,0.1191,0.1138,0.1154,0.1154,0.1101,0.1090,0.1116,0.1073,0.1073,0.1073,0.1073,0.1073,0.1073,0.1089,0.1089,0.1089,0.1089,0.1089,0.8435,0.8084,0.8280,0.8201,0.8311,0.8533,0.8668,0.8620,0.8407,0.8257,0.8463,0.8467,0.8673,0.8804,0.8271,0.8308,0.8542,0.8127,0.8397,0.8744,0.8239,1.0000,0.8794,0.8827,0.8972,0.8972,0.8879,0.8673,0.8593,0.8500,0.8453,0.9037,0.9037,0.9215,0.9168,0.8701,0.8229,0.8575,0.9037,0.8827,0.8827,0.8654,0.8762
0.1232,0.1216,0.1216,0.1216,0.1179,0.1163,0.1163,0.1179,0.1179,0.1179,0.1179,0.1179,0.1179,0.1163,0.1163,0.1147,0.0937,0.0937,0.0990,0.1170,0.1170,0.1170,0.1117,0.1133,0.1133,0.1080,0.1122,0.1079,0.1037,0.1037,0.1037,0.1037,0.1037,0.1037,0.1052,0.1052,0.1052,0.1052,0.1052,0.8870,0.7926,0.8625,0.8553,0.8721,0.9389,0.9639,0.8981,0.8935,0.8343,0.8130,0.9079,0.8838,0.8949,0.8852,0.7977,0.9495,0.7907,0.9319,0.9268,0.8579,0.8794,1.0000,0.9968,0.9685,0.9606,0.9468,0.9264,0.9185,0.9028,0.8764,0.9606,0.9574,0.9324,0.9278,0.8319,0.7977,0.8241,0.9574,0.9968,0.9935,0.9718,0.9745
0.1232,0.1216,0.1216,0.1216,0.1179,0.1163,0.1163,0.1179,0.1179,0.1179,0.1179,0.1179,0.1179,0.1163,0.1163,0.1147,0.0937,0.0937,0.0990,0.1170,0.1170,0.1170,0.1117,0.1133,0.1133,0.1080,0.1122,0.1079,0.1037,0.1037,0.1037,0.1037,0.1037,0.1037,0.1052,0.1052,0.1052,0.1052,0.1052,0.8903,0.7958,0.8657,0.8586,0.8755,0.9421,0.9671,0.9014,0.8968,0.8375,0.8097,0.9111,0.8870,0.8981,0.8884,0.7944,0.9528,0.7940,0.9287,0.9300,0.8612,0.8827,0.9968,1.0000,0.9718,0.9639,0.9500,0.9296,0.9218,0.9060,0.8796,0.9639,0.9606,0.9356,0.9310,0.8352,0.8009,0.8208,0.9606,1.0000,0.9968,0.9750,0.9778
0.1200,0.1184,0.1184,0.1184,0.1147,0.1132,0.1132,0.1147,0.1147,0.1147,0.1147,0.1147,0.1147,0.1132,0.1132,0.1116,0.0906,0.0906,0.0958,0.1154,0.1154,0.1154,0.1101,0.1117,0.1117,0.1064,0.1106,0.1079,0.1037,0.1037,0.1037,0.1037,0.1037,0.1037,0.1052,0.1052,0.1052,0.1052,0.1052,0.9139,0.8005,0.8861,0.8823,0.8784,0.9236,0.9421,0.9251,0.9204,0.8500,0.8287,0.9282,0.8949,0.9218,0.8755,0.8134,0.9278,0.8051,0.9037,0.9141,0.8850,0.8972,0.9685,0.9718,1.0000,0.9875,0.9736,0.9532,0.9454,0.9296,0.9032,0.9875,0.9843,0.9593,0.9546,0.8542,0.8120,0.8398,0.9843,0.9718,0.9718,0.9500,0.9588
0.1216,0.1200,0.1200,0.1200,0.1163,0.1147,0.1147,0.1163,0.1163,0.1163,0.1163,0.1163,0.1163,0.1147,0.1147,0.1132,0.0921,0.0921,0.0974,0.1207,0.1207,0.1207,0.1154,0.1170,0.1170,0.1117,0.1159,0.1132,0.1089,0.1089,0.1089,0.1089,0.1089,0.1089,0.1105,0.1105,0.1105,0.1105,0.1105,0.9264,0.7991,0.8861,0.8823,0.8750,0.9157,0.9343,0.9377,0.9329,0.8468,0.8287,0.9407,0.8935,0.9093,0.8662,0.8134,0.9264,0.8037,0.8991,0.9061,0.8930,0.8972,0.9606,0.9639,0.9875,1.0000,0.9861,0.9657,0.9579,0.9421,0.9032,0.9750,0.9718,0.9532,0.9486,0.8542,0.8106,0.8398,0.9718,0.9639,0.9639,0.9421,0.9509
0.1200,0.1184,0.1184,0.1184,0.1147,0.1132,0.1132,0.1147,0.1147,0.1147,0.1147,0.1147,0.1147,0.1132,0.1132,0.1116,0.0906,0.0906,0.0958,0.1191,0.1191,0.1191,0.1138,0.1154,0.1154,0.1101,0.1143,0.1147,0.1105,0.1105,0.1105,0.1105,0.1105,0.1105,0.1120,0.1120,0.1120,0.1120,0.1120,0.9370,0.7912,0.8875,0.8837,0.8639,0.9079,0.9204,0.9516,0.9435,0.8361,0.8208,0.9514,0.8796,0.9000,0.8583,0.8056,0.9245,0.7958,0.8852,0.8920,0.8850,0.8879,0.9468,0.9500,0.9736,0.9861,1.0000,0.9764,0.9685,0.9528,0.9046,0.9611,0.9579,0.9394,0.9347,0.8463,0.8028,0.8319,0.9579,0.9500,0.9500,0.9343,0.9370
0.1232,0.1216,0.1216,0.1200,0.1163,0.1147,0.1147,0.1163,0.1163,0.1163,0.1163,0.1163,0.1163,0.1147,0.1147,0.1132,0.0921,0.0921,0.0974,0.1245,0.1245,0.1245,0.1191,0.1207,0.1207,0.1154,0.1196,0.1147,0.1105,0.1105,0.1105,0.1105,0.1105,0.1105,0.1120,0.1120,0.1120,0.1120,0.1120,0.9606,0.7787,0.9111,0.9074,0.8577,0.8907,0.9000,0.9279,0.9671,0.8157,0.8069,0.9750,0.8639,0.8921,0.8380,0.7931,0.9042,0.7833,0.8648,0.8714,0.8645,0.8673,0.9264,0.9296,0.9532,0.9657,0.9764,1.0000,0.9921,0.9764,0.9282,0.9407,0.9375,0.9190,0.9144,0.8324,0.7903,0.8181,0.9375,0.9296,0.9296,0.9171,0.9167
